32.950756	-1.6440491	4.5433139	1.9142652	0.65731943	2010-01-01 00:00:00
27.862349	-0.23267212	4.8856344	2.6594658	0.78130859	2010-01-02 00:00:00
25.089214	0.18013916	5.3009543	5.48102	0.84196967	2010-01-03 00:00:00
34.036533	-1.3308777	4.4800436	2.6585867	0.65758078	2010-01-04 00:00:00
33.804871	1.0284058	5.6607754	4.7974911	0.66568707	2010-01-05 00:00:00
34.592216	-0.23679199	4.3086327	5.0844331	0.66532801	2010-01-06 00:00:00
28.059486	-0.16519775	4.7305729	2.2763517	0.81133021	2010-01-07 00:00:00
29.465733	-3.3758301	4.2800077	2.5503361	0.79354027	2010-01-08 00:00:00
29.756344	-4.7059692	3.7866597	2.7467694	0.79814968	2010-01-09 00:00:00
15.516628	-1.6923889	4.5456935	4.5376081	1	2010-01-10 00:00:00
23.725571	1.2421814	5.9006988	4.9619303	0.91085328	2010-01-11 00:00:00
3.7601039	2.9922119	6.5251167	9.6717453	1	2010-01-12 00:00:00
27.440216	3.6077515	7.0136174	3.1008055	0.85896728	2010-01-13 00:00:00
28.156071	2.8631836	6.6930332	3.3669198	0.85568184	2010-01-14 00:00:00
12.692758	8.0491882	9.966318	7.5421972	1	2010-01-15 00:00:00
32.080082	6.3478943	8.3004388	6.0722432	0.80027947	2010-01-16 00:00:00
29.257788	6.2220398	7.7870127	5.3087387	0.85822705	2010-01-17 00:00:00
30.923464	6.8901917	8.9859784	3.9382329	0.83601063	2010-01-18 00:00:00
15.072404	5.6949402	8.292796	7.1545715	1	2010-01-19 00:00:00
42.52066	5.8243958	8.2020387	3.0084026	0.65675841	2010-01-20 00:00:00
4.6140423	7.6985413	9.6492931	7.1050272	1	2010-01-21 00:00:00
42.494171	5.5555359	7.8364295	2.8634109	0.68932776	2010-01-22 00:00:00
36.578621	0.4142395	6.0365234	1.0806389	0.80716524	2010-01-23 00:00:00
27.54631	1.7210022	6.5305578	1.9725147	0.93851366	2010-01-24 00:00:00
29.469547	0.93618164	6.1722463	2.629998	0.92192131	2010-01-25 00:00:00
37.319012	2.7775513	6.4832333	2.5315561	0.82539144	2010-01-26 00:00:00
18.96076	6.3770081	8.8458835	4.5103416	1	2010-01-27 00:00:00
27.966993	6.1033264	8.1703465	5.3396997	0.9561515	2010-01-28 00:00:00
34.665676	4.9422546	7.4897311	7.1109486	0.88552389	2010-01-29 00:00:00
45.481358	1.642511	5.7506769	3.4199607	0.76201733	2010-01-30 00:00:00
46.863113	1.7738281	5.8397958	3.922087	0.75581696	2010-01-31 00:00:00
26.667009	3.7470642	6.5133329	3.5733354	0.99844968	2010-02-01 00:00:00
25.104357	6.4939819	8.8070453	4.9833727	1	2010-02-02 00:00:00
26.061922	5.6032043	8.2008285	3.7504435	1	2010-02-03 00:00:00
9.3578281	5.9369446	8.547479	5.8927135	1	2010-02-04 00:00:00
50.615257	5.1939941	7.3345807	4.373538	0.78327185	2010-02-05 00:00:00
49.70013	3.7670227	7.090921	2.2613268	0.80714638	2010-02-06 00:00:00
33.968731	3.6409241	7.0675421	5.5945029	0.97236945	2010-02-07 00:00:00
49.000481	3.0260254	6.0401711	5.2108464	0.84107652	2010-02-08 00:00:00
55.634975	1.2954651	4.9078947	3.9759483	0.78889976	2010-02-09 00:00:00
66.806366	0.40303955	4.582862	2.6729302	0.68146002	2010-02-10 00:00:00
69.72747	0.15007935	4.7849814	2.4265685	0.66310544	2010-02-11 00:00:00
62.040829	1.7170349	5.6676606	3.0506577	0.75898897	2010-02-12 00:00:00
61.137844	1.4803711	5.5238288	2.7572341	0.78158063	2010-02-13 00:00:00
56.298264	2.7716614	6.1046292	2.4941742	0.83592695	2010-02-14 00:00:00
40.423145	4.2328125	7.567627	4.9969578	0.97068087	2010-02-15 00:00:00
58.826416	2.7376343	6.3356604	3.5221443	0.83392753	2010-02-16 00:00:00
52.352402	1.5373169	5.5894069	3.4273641	0.89837238	2010-02-17 00:00:00
67.500008	0.58904419	5.411448	2.8031931	0.78450585	2010-02-18 00:00:00
59.148441	1.3094727	5.7523486	3.5493319	0.86247836	2010-02-19 00:00:00
62.464737	0.75878296	5.1774322	2.3946848	0.84790192	2010-02-20 00:00:00
65.578781	0.70702515	5.2554203	2.0817788	0.83325004	2010-02-21 00:00:00
81.719116	-0.17792358	4.7273304	2.9711356	0.71437562	2010-02-22 00:00:00
39.776928	0.50219116	5.1725848	5.6552305	1	2010-02-23 00:00:00
30.672901	1.8994995	6.3296888	3.9824028	1	2010-02-24 00:00:00
81.844551	1.8858887	5.6397024	2.7048466	0.74794284	2010-02-25 00:00:00
58.670193	2.9780518	6.3109658	5.244926	0.91999034	2010-02-26 00:00:00
77.244682	3.0506836	6.1730528	2.9893792	0.80315809	2010-02-27 00:00:00
79.153481	2.7615295	5.8205413	3.4383948	0.80138628	2010-02-28 00:00:00
86.450821	3.495752	5.5509241	1.6429319	0.76117347	2010-03-01 00:00:00
68.052475	2.6880127	5.69963	4.067977	0.89249426	2010-03-02 00:00:00
46.65353	4.0967041	7.2784187	3.8845606	1	2010-03-03 00:00:00
99.130035	2.0428711	5.6625922	2.5814207	0.70446542	2010-03-04 00:00:00
104.60326	2.985498	5.5559816	1.8289609	0.69072005	2010-03-05 00:00:00
91.269714	3.5569702	5.9469483	2.5131614	0.79197214	2010-03-06 00:00:00
98.075623	3.2105042	5.7462845	4.3349962	0.76051673	2010-03-07 00:00:00
111.19051	1.4074036	4.4229477	4.0109682	0.691934	2010-03-08 00:00:00
112.53677	2.1814514	4.1665129	2.4127963	0.697701	2010-03-09 00:00:00
108.65386	2.364679	4.8495721	2.17946	0.73237273	2010-03-10 00:00:00
110.78904	3.2521301	5.5182288	2.7096362	0.72799658	2010-03-11 00:00:00
88.484055	6.2055603	7.9524318	4.2550545	0.85714373	2010-03-12 00:00:00
74.184624	5.4963623	7.3063655	3.0297394	0.93731294	2010-03-13 00:00:00
100.44519	5.6676575	7.1146637	3.0355289	0.81287717	2010-03-14 00:00:00
96.510254	5.157251	6.6262062	2.6837149	0.84343913	2010-03-15 00:00:00
69.648865	6.3888489	6.7564928	5.9461832	0.97501514	2010-03-16 00:00:00
68.197021	9.0693298	9.9008761	6.6998057	0.98026674	2010-03-17 00:00:00
28.601608	9.1811768	10.090145	8.6293859	1	2010-03-18 00:00:00
72.336021	8.3548523	7.8150459	4.0826197	0.97572568	2010-03-19 00:00:00
127.79753	6.9668213	7.1858254	4.2732697	0.72237516	2010-03-20 00:00:00
109.90054	8.0661865	8.2202188	5.4615364	0.81948712	2010-03-21 00:00:00
122.19512	7.595697	7.745285	7.454524	0.76890447	2010-03-22 00:00:00
45.34507	7.2311951	8.2142175	6.1996822	1	2010-03-23 00:00:00
108.03394	7.8222595	8.430609	3.2551074	0.84907116	2010-03-24 00:00:00
78.100906	7.6126038	8.73467	4.9320121	0.97694945	2010-03-25 00:00:00
105.32387	7.7626892	8.550263	2.8149493	0.87320065	2010-03-26 00:00:00
105.41511	7.1018616	7.9589584	4.1172366	0.88049233	2010-03-27 00:00:00
104.33221	6.3451782	7.1032838	2.5286937	0.89284711	2010-03-28 00:00:00
17.032213	4.3475891	7.594059	5.5242662	1	2010-03-29 00:00:00
75.690811	3.1871887	6.7705443	8.7862616	1	2010-03-30 00:00:00
131.35138	3.4548584	5.6232683	8.0076685	0.80576506	2010-03-31 00:00:00
126.40074	4.2315613	6.1577874	3.7266042	0.83680162	2010-04-01 00:00:00
59.967476	5.1899658	7.6110871	3.9198992	1	2010-04-02 00:00:00
115.35575	4.5186401	7.0219125	5.0794611	0.88850241	2010-04-03 00:00:00
105.79259	4.9112793	6.4969941	5.5244188	0.92866481	2010-04-04 00:00:00
69.444763	9.0778137	10.317602	9.7903728	1	2010-04-05 00:00:00
122.92303	7.8221985	9.4118358	4.76264	0.87115044	2010-04-06 00:00:00
158.82024	6.862085	7.3904653	4.0270333	0.74512399	2010-04-07 00:00:00
141.32027	8.330896	8.2901186	3.5620484	0.8180875	2010-04-08 00:00:00
186.39857	8.7274109	8.0359336	4.3981276	0.63811184	2010-04-09 00:00:00
207.06026	10.235406	7.8369562	3.9867854	0.54546113	2010-04-10 00:00:00
211.22025	10.529932	8.7861674	2.3123968	0.52883394	2010-04-11 00:00:00
217.82764	10.168726	8.4159723	2.8584595	0.50716886	2010-04-12 00:00:00
220.17955	10.041132	8.7751286	2.8878458	0.50448415	2010-04-13 00:00:00
190.63927	8.7266174	7.3991721	3.3195708	0.66874481	2010-04-14 00:00:00
220.50618	8.6109863	7.7806611	3.8958352	0.53509717	2010-04-15 00:00:00
233.19719	8.6266724	8.0526483	2.322571	0.47475466	2010-04-16 00:00:00
229.97363	8.3134399	8.0822572	1.9424611	0.50592469	2010-04-17 00:00:00
171.05461	7.9905334	7.7154102	2.5716414	0.77178905	2010-04-18 00:00:00
180.83899	7.4728943	7.162324	2.9537368	0.74445167	2010-04-19 00:00:00
216.95253	6.9023682	6.324003	3.1525762	0.6116794	2010-04-20 00:00:00
188.52042	6.4323975	5.6966134	2.87199	0.73446298	2010-04-21 00:00:00
211.88954	7.5906921	6.3954312	2.0758445	0.64851188	2010-04-22 00:00:00
189.23882	9.0649963	7.7442358	3.722579	0.73562413	2010-04-23 00:00:00
123.42198	9.9521423	9.7478386	4.867939	0.94138134	2010-04-24 00:00:00
137.43649	10.623407	11.482128	4.6959505	0.90065839	2010-04-25 00:00:00
156.7374	11.169061	10.696007	4.4788432	0.84829167	2010-04-26 00:00:00
85.181084	10.355493	10.410122	6.3255758	1	2010-04-27 00:00:00
125.45045	11.203699	11.608224	7.0142388	0.94348942	2010-04-28 00:00:00
147.76086	9.1050049	9.4092578	4.4950209	0.89195122	2010-04-29 00:00:00
161.39548	9.2133118	9.7457491	4.0155387	0.85555935	2010-04-30 00:00:00
151.90491	7.6084229	8.8362449	3.0980971	0.88838285	2010-05-01 00:00:00
155.75854	7.7635742	7.9879835	5.4236469	0.88304762	2010-05-02 00:00:00
208.6982	7.8464905	6.5835095	5.0513921	0.73323244	2010-05-03 00:00:00
150.50966	7.9081055	7.069527	3.9201047	0.9054743	2010-05-04 00:00:00
65.656937	9.1778198	10.27983	5.5222092	1	2010-05-05 00:00:00
155.64513	10.317529	10.106215	5.6180797	0.89043252	2010-05-06 00:00:00
210.77766	8.6504761	7.5015623	5.1625566	0.74182832	2010-05-07 00:00:00
254.82602	8.6310669	6.2403517	4.669126	0.60030863	2010-05-08 00:00:00
199.14474	8.3597351	7.129455	3.9214013	0.78669127	2010-05-09 00:00:00
206.97469	7.1188599	6.4494275	5.4340754	0.76962857	2010-05-10 00:00:00
224.87202	6.3388916	5.9103006	3.5394971	0.72100497	2010-05-11 00:00:00
217.17386	5.9941345	6.1267353	3.341321	0.74777702	2010-05-12 00:00:00
105.17365	7.5855652	8.1399212	4.3842773	1	2010-05-13 00:00:00
186.69893	8.0931335	8.1337695	5.2040591	0.83437891	2010-05-14 00:00:00
178.2184	8.1910034	7.8998849	4.9464498	0.86008613	2010-05-15 00:00:00
227.06715	8.643335	7.6590327	4.3028622	0.72622481	2010-05-16 00:00:00
190.36957	9.096521	8.1793953	3.0045567	0.83214795	2010-05-17 00:00:00
32.424042	9.7786194	11.409374	5.6771603	1	2010-05-18 00:00:00
145.08311	12.440942	12.832141	3.9953208	0.93959518	2010-05-19 00:00:00
164.50342	13.914117	13.502069	3.1997485	0.8919787	2010-05-20 00:00:00
187.32796	14.679376	13.761825	2.4531059	0.8336444	2010-05-21 00:00:00
251.35219	15.856714	13.50477	2.9008312	0.64259898	2010-05-22 00:00:00
291.05298	15.427484	12.54861	2.4217031	0.49715447	2010-05-23 00:00:00
289.09592	13.930719	11.406195	3.6133177	0.51844672	2010-05-24 00:00:00
299.13992	11.762476	8.5708252	4.2604361	0.50007972	2010-05-25 00:00:00
266.3009	9.8190857	7.2949661	4.93747	0.63536396	2010-05-26 00:00:00
220.39207	8.462793	7.6854343	4.3055792	0.77492683	2010-05-27 00:00:00
187.01709	9.5088135	7.8162261	2.7426324	0.86291573	2010-05-28 00:00:00
110.89401	10.635828	10.59057	4.3165913	1	2010-05-29 00:00:00
215.26031	10.985681	9.0276502	2.3214984	0.79005106	2010-05-30 00:00:00
147.03133	12.369714	11.647733	4.594624	0.95215626	2010-05-31 00:00:00
237.26132	12.640771	11.682721	4.0192366	0.72210265	2010-06-01 00:00:00
275.68216	13.284143	11.230185	2.3518729	0.60228601	2010-06-02 00:00:00
226.96182	14.853418	11.385542	5.3605556	0.75634275	2010-06-03 00:00:00
227.25446	14.370325	11.914173	4.300365	0.75510684	2010-06-04 00:00:00
220.118	13.292932	12.551478	2.5807245	0.77414084	2010-06-05 00:00:00
194.1588	12.323083	11.163647	2.549592	0.84736289	2010-06-06 00:00:00
46.881344	12.09054	12.524476	4.1109195	1	2010-06-07 00:00:00
116.68193	12.851831	13.135259	5.0223494	1	2010-06-08 00:00:00
121.14465	12.747034	12.336669	5.3128276	1	2010-06-09 00:00:00
264.56552	13.84881	10.869576	5.1398911	0.65960952	2010-06-10 00:00:00
172.66785	12.428186	11.397532	4.8780813	0.90400597	2010-06-11 00:00:00
202.42566	12.338678	10.543395	3.6311796	0.83544428	2010-06-12 00:00:00
165.22261	11.690088	11.804015	5.8064299	0.92107196	2010-06-13 00:00:00
191.15071	12.981744	10.978916	4.8643117	0.86283007	2010-06-14 00:00:00
297.39111	13.631494	11.365469	2.7891104	0.54911076	2010-06-15 00:00:00
264.78732	14.033289	12.203033	2.4014103	0.657831	2010-06-16 00:00:00
222.04762	14.918542	12.761567	2.5053043	0.78027741	2010-06-17 00:00:00
121.36681	14.158899	12.706391	3.4441223	1	2010-06-18 00:00:00
324.48322	13.044702	9.6317893	4.672224	0.45180533	2010-06-19 00:00:00
296.76218	12.912927	9.9104356	2.6748228	0.56241888	2010-06-20 00:00:00
280.89728	14.141779	11.770338	2.9290853	0.60791839	2010-06-21 00:00:00
164.29556	14.513086	12.479694	4.37642	0.92301279	2010-06-22 00:00:00
134.07172	14.696497	13.885801	4.7492151	0.98675943	2010-06-23 00:00:00
187.73477	14.425562	12.619936	2.8740463	0.86760514	2010-06-24 00:00:00
189.71669	15.175195	13.621924	3.8374438	0.85996844	2010-06-25 00:00:00
221.72733	15.081812	12.854217	5.3018527	0.77971232	2010-06-26 00:00:00
227.33447	14.817926	12.967667	6.6742921	0.7635036	2010-06-27 00:00:00
62.325809	14.271722	15.095722	3.8938775	1	2010-06-28 00:00:00
248.86432	14.767358	12.457138	1.8255843	0.70213565	2010-06-29 00:00:00
126.68938	14.667322	14.236449	5.1704273	1	2010-06-30 00:00:00
260.34201	15.379663	14.176726	6.9196086	0.65667085	2010-07-01 00:00:00
227.02809	13.56759	12.974445	6.7686434	0.76004317	2010-07-02 00:00:00
197.88567	13.551965	11.927036	6.0947614	0.83924014	2010-07-03 00:00:00
178.61455	14.41781	13.723284	7.9231596	0.87920029	2010-07-04 00:00:00
243.8129	13.334131	11.183844	4.9946909	0.71138746	2010-07-05 00:00:00
67.306702	13.02157	13.208224	5.8296242	1	2010-07-06 00:00:00
209.00467	13.760461	12.388279	6.90764	0.80226939	2010-07-07 00:00:00
82.558083	12.671808	12.483142	4.783957	1	2010-07-08 00:00:00
91.173286	13.613947	14.335338	2.9524081	1	2010-07-09 00:00:00
58.173801	13.662347	15.043358	2.9624324	1	2010-07-10 00:00:00
171.31929	12.372186	10.858856	4.3445272	0.89637742	2010-07-11 00:00:00
208.56329	13.722345	11.813146	1.7280306	0.79766442	2010-07-12 00:00:00
88.360863	14.148584	13.645529	4.0643864	1	2010-07-13 00:00:00
199.35696	14.750726	15.765726	3.2870681	0.80709376	2010-07-14 00:00:00
134.12746	13.935052	14.842934	3.8580456	0.97087506	2010-07-15 00:00:00
200.89859	12.536188	12.113324	5.5274773	0.81001671	2010-07-16 00:00:00
192.29897	13.391718	11.460532	5.5366416	0.83293376	2010-07-17 00:00:00
144.63055	15.763696	16.298581	5.4690161	0.93997633	2010-07-18 00:00:00
177.38091	15.736108	15.559065	5.0538998	0.85755111	2010-07-19 00:00:00
206.74812	13.719934	13.725589	3.1207185	0.77980108	2010-07-20 00:00:00
159.44514	12.693201	13.577147	4.7568498	0.90472256	2010-07-21 00:00:00
220.12543	13.731653	11.460628	5.8686786	0.74288073	2010-07-22 00:00:00
180.34192	13.589075	11.683369	3.2782242	0.85177085	2010-07-23 00:00:00
145.63454	14.94967	15.296238	4.4064016	0.93034919	2010-07-24 00:00:00
129.43571	15.65545	15.791225	4.2253909	0.96739318	2010-07-25 00:00:00
195.32729	15.814539	16.399787	4.6857843	0.7883138	2010-07-26 00:00:00
174.33929	14.641718	14.258582	4.3677816	0.85169518	2010-07-27 00:00:00
206.01672	14.644312	12.723624	4.6204233	0.76203472	2010-07-28 00:00:00
247.95164	15.036035	13.265109	2.6527545	0.61308385	2010-07-29 00:00:00
117.61269	15.167017	15.598353	4.3529935	0.98824937	2010-07-30 00:00:00
168.28841	14.122278	13.504521	5.3157463	0.85974538	2010-07-31 00:00:00
175.53783	14.093958	12.504994	3.0776758	0.83925093	2010-08-01 00:00:00
125.19864	13.295038	12.735996	3.4677672	0.96905243	2010-08-02 00:00:00
135.16141	13.394861	12.983332	4.1358523	0.94144495	2010-08-03 00:00:00
197.53098	13.189142	12.367234	5.6513491	0.76315586	2010-08-04 00:00:00
181.58786	13.504205	12.26087	4.6995173	0.8087241	2010-08-05 00:00:00
95.857368	13.656091	14.182511	5.9821715	1	2010-08-06 00:00:00
199.91187	13.81698	12.692644	4.9981508	0.7406997	2010-08-07 00:00:00
168.09775	13.584558	12.270322	4.065299	0.83788208	2010-08-08 00:00:00
173.3127	13.72323	12.94095	4.6697989	0.81630762	2010-08-09 00:00:00
238.27829	13.882684	11.436086	5.0114202	0.58343528	2010-08-10 00:00:00
168.27512	13.49798	12.642682	4.5132747	0.8245652	2010-08-11 00:00:00
170.5966	13.298456	11.983869	5.2855091	0.81503503	2010-08-12 00:00:00
163.66505	13.189661	11.312194	4.7688384	0.83430909	2010-08-13 00:00:00
97.108177	13.501367	12.268609	3.1145864	1	2010-08-14 00:00:00
225.63458	15.267694	13.020505	2.1278622	0.58159483	2010-08-15 00:00:00
76.394608	13.593042	14.152822	3.6810417	1	2010-08-16 00:00:00
169.34262	12.998895	12.108714	4.5790424	0.7918829	2010-08-17 00:00:00
177.71037	12.572046	12.063733	5.3427558	0.75756852	2010-08-18 00:00:00
111.96272	13.807031	13.026959	4.301589	0.96018991	2010-08-19 00:00:00
189.21414	15.557245	14.624846	6.9638557	0.69100174	2010-08-20 00:00:00
178.79788	14.20376	12.879013	5.3902678	0.73278762	2010-08-21 00:00:00
162.84346	13.701257	12.67417	3.7154946	0.78680543	2010-08-22 00:00:00
142.92842	12.003748	11.629565	5.5161285	0.85368199	2010-08-23 00:00:00
153.02101	11.956232	11.23392	6.3430195	0.81564687	2010-08-24 00:00:00
169.36745	12.394006	10.280397	2.4073143	0.75357806	2010-08-25 00:00:00
193.28703	13.056909	10.502084	3.3053443	0.6467602	2010-08-26 00:00:00
181.49034	12.148828	10.560739	3.9776015	0.68959634	2010-08-27 00:00:00
166.52194	12.679376	10.921429	5.0710335	0.74226742	2010-08-28 00:00:00
167.15804	12.699213	10.430654	5.5028977	0.73446552	2010-08-29 00:00:00
220.39365	11.346429	8.6179046	2.1665721	0.469998	2010-08-30 00:00:00
166.08321	12.682703	10.435437	3.3880036	0.72376513	2010-08-31 00:00:00
155.02255	14.598413	12.332408	3.9671884	0.7550367	2010-09-01 00:00:00
184.33424	15.536371	12.579974	4.648778	0.60987957	2010-09-02 00:00:00
150.78578	15.702386	13.39121	5.0069003	0.75383658	2010-09-03 00:00:00
109.412	15.514398	15.498148	3.7051971	0.90405628	2010-09-04 00:00:00
92.04039	14.630457	14.339357	5.6239948	0.96353885	2010-09-05 00:00:00
89.189293	14.549432	15.3848	3.5208766	0.96762257	2010-09-06 00:00:00
92.126907	12.779108	12.936397	3.9917152	0.95777026	2010-09-07 00:00:00
107.63223	13.412561	14.038371	4.4965472	0.89368315	2010-09-08 00:00:00
116.43217	14.311487	13.845183	4.7444024	0.85352725	2010-09-09 00:00:00
98.099831	15.393488	16.211761	4.7975702	0.91508545	2010-09-10 00:00:00
108.03104	12.955804	13.389692	5.2861066	0.87208021	2010-09-11 00:00:00
93.506226	13.15835	12.2813	5.2479639	0.92772407	2010-09-12 00:00:00
66.162857	15.09057	15.715631	8.1021442	1	2010-09-13 00:00:00
96.978668	13.358881	12.519209	7.7351022	0.90301816	2010-09-14 00:00:00
99.817657	12.849481	10.785183	7.1343193	0.8897231	2010-09-15 00:00:00
122.08894	11.838312	10.82418	4.4802804	0.78221686	2010-09-16 00:00:00
133.55093	10.720361	9.4932373	3.1605842	0.72033437	2010-09-17 00:00:00
34.826599	11.319727	11.372336	4.6306162	1	2010-09-18 00:00:00
72.167473	13.299249	14.287297	5.2369528	0.97757658	2010-09-19 00:00:00
103.39472	14.333521	13.87119	4.8745522	0.83275974	2010-09-20 00:00:00
57.976032	14.793878	14.548337	6.2191052	1	2010-09-21 00:00:00
97.90564	14.330865	15.136378	4.8390546	0.84158008	2010-09-22 00:00:00
71.480148	12.134729	12.56849	5.6119237	0.96559626	2010-09-23 00:00:00
118.85631	11.011804	9.0031082	5.1290588	0.73266491	2010-09-24 00:00:00
127.74441	9.6232849	8.1040533	2.2061303	0.6715438	2010-09-25 00:00:00
116.17967	9.6527649	8.5233951	2.6945157	0.72871899	2010-09-26 00:00:00
95.402588	11.605707	10.334302	5.0980396	0.82970902	2010-09-27 00:00:00
55.964054	12.162164	12.680818	4.3846474	1	2010-09-28 00:00:00
113.08183	11.050073	11.234925	3.0908914	0.70094449	2010-09-29 00:00:00
53.373768	11.281976	12.1058	5.0924001	1	2010-09-30 00:00:00
99.885284	11.695428	11.066261	6.8423047	0.76300984	2010-10-01 00:00:00
65.782616	10.580499	10.754034	6.2784338	0.94805985	2010-10-02 00:00:00
99.400047	10.876062	10.893072	3.9638603	0.74422541	2010-10-03 00:00:00
48.102207	10.984705	11.239162	7.0310035	1	2010-10-04 00:00:00
92.273483	10.378168	10.133708	7.3976874	0.77154819	2010-10-05 00:00:00
102.87023	10.562463	9.7233042	5.3172784	0.68568279	2010-10-06 00:00:00
92.959091	12.668054	10.96563	6.9610291	0.73987578	2010-10-07 00:00:00
72.952393	15.961389	14.846766	7.4102387	0.84511832	2010-10-08 00:00:00
86.49955	15.710016	14.652342	7.139287	0.73797083	2010-10-09 00:00:00
64.824097	13.333002	12.599295	4.5268083	0.88842951	2010-10-10 00:00:00
119.22211	11.986871	11.55373	2.8730652	0.37936728	2010-10-11 00:00:00
84.422966	8.9675232	9.7749208	2.0165346	0.73710255	2010-10-12 00:00:00
70.217781	8.5450684	9.9900787	1.9325367	0.83294627	2010-10-13 00:00:00
62.374039	9.2197815	9.7344913	2.6345363	0.88042318	2010-10-14 00:00:00
56.440567	10.588586	10.699794	3.6466579	0.91143636	2010-10-15 00:00:00
86.567955	9.4209534	9.3023786	2.4696212	0.66501453	2010-10-16 00:00:00
56.084549	9.3444458	9.8996069	3.8642116	0.90112902	2010-10-17 00:00:00
39.975994	10.114313	10.761147	5.9226213	1	2010-10-18 00:00:00
51.709351	8.7338806	9.5276052	6.2672987	0.91878659	2010-10-19 00:00:00
64.823509	6.3453613	7.1658912	3.0128651	0.81508196	2010-10-20 00:00:00
61.09082	8.1694275	8.5384621	3.157948	0.83113417	2010-10-21 00:00:00
26.24929	9.105127	9.6816143	5.1868763	1	2010-10-22 00:00:00
66.444321	7.3659912	8.9334792	4.4277754	0.75916858	2010-10-23 00:00:00
91.255341	5.4183289	6.8582513	2.5527561	0.4561704	2010-10-24 00:00:00
44.154137	6.5953918	7.4792261	6.3983998	0.93739772	2010-10-25 00:00:00
18.31708	12.829919	14.164469	7.4477425	1	2010-10-26 00:00:00
51.025402	9.8492981	10.312187	7.0538692	0.85373958	2010-10-27 00:00:00
11.839842	10.569543	11.292245	7.6995878	1	2010-10-28 00:00:00
19.395117	8.6844116	10.155695	4.9925084	1	2010-10-29 00:00:00
47.632	7.7205444	8.80628	3.3430068	0.86052057	2010-10-30 00:00:00
33.824196	7.6745239	8.8743769	4.1223526	0.97941102	2010-10-31 00:00:00
8.3400183	8.7678467	10.326748	5.8507452	1	2010-11-01 00:00:00
13.67278	10.33053	11.163305	8.901413	1	2010-11-02 00:00:00
14.566235	10.135217	11.347133	5.2118578	1	2010-11-03 00:00:00
10.776181	12.696497	13.988001	8.1450033	1	2010-11-04 00:00:00
19.55514	8.9527832	10.070856	4.4418349	1	2010-11-05 00:00:00
48.241119	6.1452881	8.2020716	4.2457128	0.75959272	2010-11-06 00:00:00
45.499458	5.6794067	7.9653235	5.8870049	0.78375494	2010-11-07 00:00:00
40.763271	6.9670044	9.0064767	4.9061775	0.82911001	2010-11-08 00:00:00
53.13694	6.1858765	7.5991708	5.7754178	0.64541973	2010-11-09 00:00:00
49.444481	5.0985352	7.1377968	3.4475393	0.69000943	2010-11-10 00:00:00
36.552593	8.7133423	9.3130431	12.550474	0.85143716	2010-11-11 00:00:00
42.558968	7.4468628	8.481725	7.4302425	0.75951092	2010-11-12 00:00:00
47.329704	4.8495728	7.4725593	4.2820539	0.67396321	2010-11-13 00:00:00
50.920856	4.1783386	6.7254674	2.3515158	0.59624572	2010-11-14 00:00:00
48.479073	4.8558899	6.7832989	3.3300059	0.62466079	2010-11-15 00:00:00
24.086506	7.2549683	8.2329392	7.8267536	0.97531049	2010-11-16 00:00:00
46.549248	8.0399414	9.3360218	7.6446462	0.61100614	2010-11-17 00:00:00
31.756092	8.0985046	9.5467507	6.8491402	0.85291652	2010-11-18 00:00:00
41.505638	6.4693848	8.4774876	3.3100994	0.68303276	2010-11-19 00:00:00
25.816654	6.3894287	8.7670173	3.9669347	0.92631097	2010-11-20 00:00:00
33.611561	4.0520569	7.0591275	4.0031462	0.80442564	2010-11-21 00:00:00
41.350822	2.8144775	6.3041665	2.8706727	0.65430759	2010-11-22 00:00:00
36.911606	3.5914246	6.6471723	2.6792161	0.72616245	2010-11-23 00:00:00
30.847603	3.3097168	6.6285526	3.3295708	0.82391752	2010-11-24 00:00:00
43.181915	2.5517517	6.153251	5.0274491	0.56458708	2010-11-25 00:00:00
36.188656	3.0768372	6.6306116	5.8817558	0.70401252	2010-11-26 00:00:00
42.053459	0.23595581	5.1070167	4.8164845	0.5660829	2010-11-27 00:00:00
43.188686	-1.7060608	4.432748	3.0432012	0.52353752	2010-11-28 00:00:00
44.257233	-2.072821	4.1455692	3.7281671	0.47505805	2010-11-29 00:00:00
32.438541	-1.1120361	4.7710526	5.4477386	0.74645611	2010-11-30 00:00:00
37.456047	1.9696899	5.5817544	4.4191523	0.61811469	2010-12-01 00:00:00
35.924747	1.8170105	5.4148941	3.3796208	0.64439845	2010-12-02 00:00:00
18.923592	6.1731201	7.6334444	3.9928901	0.96392883	2010-12-03 00:00:00
16.663437	6.073053	8.1847694	2.5586796	0.99645403	2010-12-04 00:00:00
30.711113	5.06521	7.3038447	2.7579114	0.72599307	2010-12-05 00:00:00
25.618378	4.4183899	7.2371911	2.4498596	0.82789583	2010-12-06 00:00:00
32.311428	3.7114807	6.4981352	3.8149159	0.67570503	2010-12-07 00:00:00
32.086807	3.8277527	6.6379495	3.1958289	0.67230732	2010-12-08 00:00:00
20.874685	7.5920044	8.7345407	3.1032848	0.90194819	2010-12-09 00:00:00
21.079788	9.5295959	10.511104	3.3890929	0.88928377	2010-12-10 00:00:00
19.108303	8.9575745	10.296948	2.0111661	0.92535215	2010-12-11 00:00:00
15.783552	6.9240051	9.2145436	4.3064628	0.98745674	2010-12-12 00:00:00
30.893513	7.3079468	8.8286422	4.4212465	0.65690715	2010-12-13 00:00:00
28.655937	6.0599915	7.8458472	2.2379398	0.71620848	2010-12-14 00:00:00
21.058115	6.7838379	8.8060325	2.6008818	0.88091971	2010-12-15 00:00:00
18.506411	8.650415	9.4703416	7.2413855	0.92874498	2010-12-16 00:00:00
20.028759	4.647821	7.4677302	6.3194075	0.90268599	2010-12-17 00:00:00
27.144346	3.4512573	6.5413722	3.0886602	0.74963791	2010-12-18 00:00:00
24.533192	2.9533936	6.2988166	4.2970819	0.80998807	2010-12-19 00:00:00
30.708294	1.2712952	5.331604	3.035032	0.66414625	2010-12-20 00:00:00
22.984945	-0.79608765	4.1022337	1.9574926	0.85139767	2010-12-21 00:00:00
27.226	-2.6171631	4.1814471	2.7669263	0.75835638	2010-12-22 00:00:00
26.992435	-1.0565247	4.7266317	3.086467	0.76231263	2010-12-23 00:00:00
28.591375	-2.847937	3.749605	2.0557241	0.73127465	2010-12-24 00:00:00
29.213404	-1.561438	3.8588344	3.6799552	0.71809448	2010-12-25 00:00:00
6.2624536	8.2817627	8.4651059	8.2315197	1	2010-12-26 00:00:00
8.8493042	11.546289	12.745697	5.8887057	1	2010-12-27 00:00:00
20.881638	12.837732	13.816357	5.6721425	0.87540044	2010-12-28 00:00:00
10.099714	12.37179	13.903142	4.386013	1	2010-12-29 00:00:00
18.64543	11.509424	12.704918	3.7672994	0.92938596	2010-12-30 00:00:00
16.984238	9.4473816	11.144559	2.3706152	0.96709719	2010-12-31 00:00:00
