2.3667083e-07	1.5995833
2.1828262e-07	0.95229167
2.0476023e-07	0.81666667
1.9302669e-07	0.51
4.4565639e-07	1.48625
2.6599545e-07	1.305
2.0961301e-07	1.204375
2.5417864e-07	1.4972917
1.8999932e-07	0.25
1.699585e-07	0.45666667
1.9396143e-07	1.8054167
4.1136886e-07	1.673125
4.4089268e-07	2.269375
4.8456305e-07	2.613125
2.3507117e-06	4.068125
9.4249041e-07	4.871875
8.3064714e-07	4.845
4.3706074e-07	6.071875
3.2153773e-07	5.1652083
4.5687656e-07	4.7845833
1.7030964e-06	5.5008333
6.4122107e-07	5.528125
2.8800208e-07	3.52375
2.2484633e-07	2.9929167
2.209974e-07	4.2047917
1.9402897e-07	3.896875
5.0615223e-07	5.9864583
8.4808191e-07	6.2179167
1.5574882e-06	5.9852083
3.3120382e-07	4.3541667
2.8294963e-07	3.4083333
2.9459168e-07	3.7558333
4.2046976e-07	5.9589583
8.8548003e-07	5.6285417
4.0325826e-07	5.5008333
3.4572178e-07	5.5929167
2.3567248e-07	4.5683333
2.031529e-07	4.8358333
1.8328649e-07	4.5102128
1.680681e-07	3.6110417
1.5756585e-07	2.3472917
1.5023348e-07	1.5885417
1.4648712e-07	2.40875
1.4326541e-07	2.318125
1.4773491e-07	2.6397917
3.0159679e-07	4.1929167
6.2528008e-07	3.748125
4.1065859e-07	4.051875
2.437771e-07	3.0610417
2.6122839e-07	3.1389583
2.4094376e-07	2.47625
2.2315678e-07	3.00875
1.9959605e-07	2.819375
1.7511035e-07	2.6304167
1.6927531e-07	3.243125
1.9966488e-07	3.4333333
5.8925987e-07	4.2204167
5.6250902e-07	4.454375
7.3461385e-07	4.0877083
3.055598e-07	3.655
2.1672081e-07	3.6710417
3.4421881e-07	4.5497917
2.9314134e-07	4.4166667
2.0918072e-07	3.9025
1.8680454e-07	4.6154167
1.7459536e-07	5.076875
1.5865621e-07	3.674375
1.4790502e-07	3.2879167
1.4231431e-07	3.4883333
1.3871167e-07	3.7079167
1.4691296e-07	6.1222917
1.492146e-07	6.5991667
1.4163125e-07	6.636875
1.3868241e-07	7.236875
1.3491154e-07	7.101875
1.3922616e-07	9.061875
1.9070976e-07	9.1210417
2.5613475e-07	7.9527083
1.6307733e-07	7.99625
1.5784037e-07	8.4602083
5.3124553e-07	7.4777083
3.4064534e-07	6.8379167
6.7439226e-07	7.72625
2.5071851e-07	7.294375
3.3051723e-07	8.314375
2.3027809e-07	8.4579167
1.8072826e-07	8.1695833
5.4668773e-07	5.90625
1.4146327e-06	5.1089583
5.5843012e-07	4.84
4.9358779e-07	5.92375
3.8521518e-07	5.8970833
7.7811139e-07	6.499375
8.1743696e-07	5.9529167
3.5269778e-06	7.8460417
7.6625512e-07	7.7310417
2.7100464e-07	8.0827083
1.7775015e-07	8.8860417
1.4628056e-07	9.705625
1.2777438e-07	10.227917
1.1703353e-07	10.730417
1.2134893e-07	11.443958
1.2365775e-07	12.421667
1.1989711e-07	11.6875
1.1690668e-07	11.075208
1.1445789e-07	11.231042
1.1257642e-07	11.0075
1.1310396e-07	10.845625
1.1124891e-07	10.606875
1.09969e-07	9.6283333
1.0834984e-07	9.648125
1.0809895e-07	10.674375
1.0771343e-07	10.520208
1.0924807e-07	10.613125
1.1831583e-07	11.801667
1.1585132e-07	13.191042
1.1901242e-07	12.159792
4.8602347e-07	11.353125
2.692541e-07	11.406458
2.6295625e-07	11.417708
1.8716121e-07	11.191042
1.5852722e-07	11.084792
1.3144861e-07	10.897292
1.1917098e-07	10.684583
1.3482387e-07	11.859375
1.5946187e-07	11.942083
1.3137053e-07	11.255208
1.1569548e-07	12.180208
1.0978855e-07	11.374583
1.0707769e-07	10.76125
1.053979e-07	10.231042
1.0645754e-07	11.544375
1.1422249e-07	11.580417
1.3521645e-07	11.607708
1.4091727e-07	11.659583
1.5511333e-07	12.094583
1.2756481e-07	12.850208
5.5286595e-07	12.465918
8.7894496e-07	13.211458
2.3218738e-07	15.473333
1.6630686e-07	15.823125
1.3886703e-07	18.463125
1.2416788e-07	18.51125
1.1630506e-07	17.374583
1.1147546e-07	15.298333
1.0861607e-07	14.689167
1.0796144e-07	13.07875
1.077112e-07	13.317083
1.0991409e-07	13.24875
1.0804366e-07	14.14
1.3186898e-07	14.367708
2.6670824e-07	15.6975
1.4353715e-07	17.6125
1.2418021e-07	17.154583
1.2249316e-07	17.06375
1.1741252e-07	16.663958
1.1451569e-07	16.464167
1.1210798e-07	15.078125
1.1205298e-07	14.850417
1.1051483e-07	14.184167
1.0875583e-07	16.308125
1.0822832e-07	15.363333
1.059597e-07	15.110208
1.3057478e-07	15.085625
1.4208929e-07	15.197292
1.1254962e-07	17.125625
1.0125626e-07	16.246458
1.0256312e-07	16.894375
1.0144005e-07	16.017292
9.1531904e-08	16.466458
8.7735613e-08	17.950625
8.5328651e-08	18.131667
8.4059714e-08	16.39875
8.8407906e-08	16.3625
8.7672754e-08	17.36375
8.516612e-08	17.436458
8.8321409e-08	18.416875
8.470398e-08	17.137292
8.4281653e-08	16.388542
8.2364545e-08	17.548542
1.5193671e-07	16.637292
2.1083729e-06	15.03875
2.1873743e-07	15.4825
1.7283657e-07	14.530208
2.9257236e-06	13.884167
3.172101e-07	14.914583
7.993605e-07	14.334583
5.5064269e-07	13.83625
2.1361527e-07	14.589583
2.8406454e-07	15.136042
5.2227222e-07	14.355417
4.9468059e-07	13.931042
2.0062837e-07	15.068333
1.9796466e-07	14.97875
1.6098492e-06	15.05
2.3328876e-06	14.514167
6.4316845e-07	14.05625
6.3990195e-07	14.0425
4.2547542e-07	15.392083
7.2012381e-07	15.333333
7.4114014e-07	15.614583
6.6159341e-07	14.046667
3.5132879e-07	14.309583
1.816008e-07	14.666042
2.3861416e-07	16.40625
3.2032589e-07	15.800625
3.5834924e-07	15.438125
3.0461499e-07	15.199167
6.6827618e-07	14.419375
2.3833139e-07	14.784375
7.0520091e-07	15.112708
4.861976e-07	14.379167
4.0558031e-07	14.670208
2.8759749e-07	14.526667
5.5721449e-07	14.24375
8.2307236e-07	14.327708
2.5485251e-07	14.631042
6.2998837e-07	14.429583
4.5479657e-07	14.675208
4.0849533e-07	13.93875
1.0264705e-06	14.471875
9.7219124e-07	14.019583
2.3843476e-07	14.4875
1.8394019e-07	14.565417
1.5869787e-07	15.00875
1.4529549e-07	15.010625
1.4128357e-07	17.426458
4.9789456e-07	15.498542
5.4310041e-07	14.403333
2.6627435e-07	14.353958
4.3131627e-07	14.507708
9.4390037e-07	14.900833
2.3095152e-07	15.24
2.1787444e-07	15.336042
8.4547316e-07	14.11625
1.073454e-06	12.993333
2.5449446e-07	13.379167
1.6310709e-07	14.136042
1.3581877e-07	13.535625
1.259003e-07	14.26125
1.4768427e-07	14.804375
1.2711354e-07	14.133125
1.1344001e-07	14.567917
1.0717868e-07	15.624792
1.02579e-07	16.197917
9.827055e-08	16.621667
9.7575092e-08	16.924375
9.7468904e-08	14.94875
5.7234548e-07	14.784792
5.1359431e-06	13.338125
5.0657315e-06	13.694583
1.3110376e-06	14.538542
1.3970583e-06	14.891875
5.6214038e-07	14.199167
2.9001542e-07	13.679375
2.8905802e-06	14.448542
8.9654639e-07	13.765625
5.6648468e-07	13.254375
3.0078723e-07	13.559792
2.3351083e-07	12.963542
2.1252082e-06	12.811875
9.9702829e-07	13.816875
5.1468145e-07	13.924583
7.4362468e-07	13.999792
2.4726195e-06	14.036875
1.3349093e-06	13.226875
3.3604413e-07	12.36
1.8898048e-07	12.267083
1.5328084e-07	11.961875
1.3572337e-07	12.414375
2.1151133e-07	12.539167
1.7000802e-07	11.82625
1.8882679e-07	12.047708
4.0289015e-07	12.021042
4.8860959e-07	11.5375
4.9288478e-07	11.900417
7.7963429e-07	11.394583
5.340898e-07	10.902708
8.7231086e-07	10.957292
2.4616019e-07	12.078542
1.6976454e-07	13.612708
1.4827337e-07	14.351458
1.3416116e-07	12.646458
1.2549918e-07	12.0725
1.176086e-07	10.32375
1.1270597e-07	10.651875
1.1105043e-07	11.308125
1.6256685e-07	11.903333
2.3593059e-07	11.211875
1.8976196e-07	10.775833
2.5181407e-07	10.88125
2.7229127e-07	9.904375
1.7645843e-07	8.2870833
1.8355627e-07	8.770625
1.0438363e-06	9.7954167
3.9499618e-07	9.6139583
2.0384462e-07	7.8566667
1.645834e-07	7.2016667
3.729776e-06	11.200625
8.6039235e-07	10.155
6.9520601e-07	10.134375
7.6877292e-07	10.06875
6.0538567e-07	9.0839583
2.7015582e-07	8.8016667
3.4817778e-06	9.248125
1.2954223e-06	9.8260417
1.3841744e-06	9.74
3.3021835e-06	11.269792
8.4719376e-07	10.233958
7.6246966e-07	8.5047917
2.1636683e-06	7.9447917
2.6715326e-06	8.3702083
6.5064153e-07	8.4497917
3.0250635e-07	7.5410417
2.0693353e-06	8.2508333
4.5145649e-07	7.9227083
5.8529553e-07	7.0835417
3.2750055e-07	6.5064583
3.4087163e-07	6.705
9.3233409e-07	7.46875
1.0443906e-06	7.779375
2.5282587e-06	8.3060417
4.9513409e-07	7.5541667
2.3900473e-07	7.6639583
1.8318114e-07	6.2829167
1.5891596e-07	5.2327083
1.452584e-07	4.4935417
1.7093897e-07	5.2914583
3.6418019e-07	5.0158333
7.5687512e-07	5.06625
3.9943379e-07	4.0414583
2.3616184e-07	3.2927083
1.8044316e-07	2.2954167
1.554745e-07	1.554375
1.3979093e-07	0.85041667
1.293857e-07	0.293125
8.7445168e-07	1.780625
4.9281717e-07	3.2064583
2.4535704e-07	2.80875
6.099015e-07	2.3477083
2.7649976e-07	2.4597917
1.9404221e-07	2.13875
3.6050429e-07	3.068125
4.4160968e-07	4.9910417
2.4574898e-07	5.1358333
1.8441049e-07	4.281875
1.5489702e-07	3.0904167
1.377701e-07	2.3470833
1.3668913e-07	4.181875
1.5115888e-07	5.136875
1.6026803e-07	1.82375
1.5330583e-07	1.0404167
1.425535e-07	1.0852083
1.3075529e-07	0.13291667
1.2726484e-07	0.26166667
1.1915999e-07	0.11041667
1.1701692e-07	0.11166667
1.1258584e-07	0.053333333
1.1818295e-07	0.10229167
1.1316022e-06	0.44958333
2.2752876e-06	3.859375
7.085456e-07	5.5116667
1.7751819e-06	6.6458333
3.8951298e-07	6.013125
2.0080709e-07	5.4764583
1.6077416e-07	5.3560417
