"",46.800
0.0000,0.0000E+000
1.0000,2.4919E+002
2.0000,2.7290E+002
3.0000,2.4594E+002
4.0000,2.5896E+002
5.0000,2.3956E+002
6.0000,2.5531E+002
7.0000,2.5655E+002
8.0000,2.4923E+002
9.0000,2.6866E+002
10.0000,2.8099E+002
11.0000,2.9794E+002
12.0000,2.8364E+002
13.0000,2.7858E+002
14.0000,3.1636E+002
15.0000,2.8413E+002
16.0000,2.8038E+002
17.0000,2.8448E+002
18.0000,3.0868E+002
19.0000,2.7780E+002
20.0000,3.1669E+002
21.0000,2.7712E+002
22.0000,2.7508E+002
23.0000,2.8813E+002
24.0000,2.9135E+002
25.0000,2.9156E+002
26.0000,3.1001E+002
27.0000,3.0547E+002
28.0000,2.8939E+002
29.0000,2.5443E+002
30.0000,2.5380E+002
31.0000,2.8602E+002
32.0000,3.0654E+002
33.0000,2.9097E+002
34.0000,3.0200E+002
35.0000,2.6874E+002
36.0000,2.7126E+002
37.0000,2.9498E+002
38.0000,2.8264E+002
39.0000,2.5231E+002
40.0000,2.3710E+002
41.0000,2.3838E+002
42.0000,2.5611E+002
43.0000,2.5185E+002
44.0000,2.6675E+002
45.0000,2.9287E+002
46.0000,2.7133E+002
47.0000,2.5655E+002
48.0000,2.5494E+002
49.0000,2.6348E+002
50.0000,2.5596E+002
51.0000,2.6363E+002
52.0000,2.4655E+002
53.0000,2.7456E+002
54.0000,2.9549E+002
55.0000,2.6644E+002
56.0000,2.7929E+002
57.0000,2.6258E+002
58.0000,2.5842E+002
59.0000,2.5483E+002
60.0000,2.7059E+002
61.0000,2.8954E+002
62.0000,2.5743E+002
63.0000,2.5116E+002
64.0000,2.6892E+002
65.0000,2.6473E+002
66.0000,2.4510E+002
67.0000,2.4890E+002
68.0000,2.5901E+002
69.0000,2.6299E+002
70.0000,2.9321E+002
71.0000,2.9470E+002
72.0000,2.7371E+002
73.0000,2.7883E+002
74.0000,3.0153E+002
75.0000,3.0870E+002
76.0000,3.2472E+002
77.0000,3.0655E+002
78.0000,2.8966E+002
79.0000,3.0077E+002
80.0000,2.8767E+002
81.0000,3.0345E+002
82.0000,2.9260E+002
83.0000,2.9805E+002
84.0000,2.8903E+002
85.0000,2.8772E+002
86.0000,2.8807E+002
87.0000,3.0646E+002
88.0000,2.9096E+002
89.0000,2.6744E+002
90.0000,2.7413E+002
91.0000,2.9861E+002
92.0000,2.8904E+002
93.0000,2.9101E+002
94.0000,3.2742E+002
95.0000,3.0080E+002
96.0000,2.8058E+002
97.0000,2.9765E+002
98.0000,2.8546E+002
99.0000,2.7994E+002
100.0000,2.8295E+002
101.0000,2.8126E+002
102.0000,2.8763E+002
103.0000,2.8912E+002
104.0000,2.8102E+002
105.0000,2.7671E+002
106.0000,2.7320E+002
107.0000,2.8803E+002
108.0000,2.8021E+002
109.0000,2.6656E+002
110.0000,2.7615E+002
111.0000,2.7798E+002
112.0000,2.9015E+002
113.0000,3.1789E+002
114.0000,3.3115E+002
115.0000,3.2611E+002
116.0000,3.3257E+002
117.0000,3.3966E+002
118.0000,3.1272E+002
119.0000,3.0999E+002
120.0000,2.9567E+002
121.0000,3.0013E+002
122.0000,2.9619E+002
123.0000,3.1445E+002
124.0000,3.3795E+002
125.0000,3.2415E+002
126.0000,2.9174E+002
127.0000,2.7186E+002
128.0000,2.9511E+002
129.0000,2.9264E+002
130.0000,2.7745E+002
131.0000,2.8519E+002
132.0000,3.1622E+002
133.0000,3.0454E+002
134.0000,3.1701E+002
135.0000,2.9445E+002
136.0000,3.0397E+002
137.0000,3.3857E+002
138.0000,3.5058E+002
139.0000,3.5233E+002
140.0000,3.4689E+002
141.0000,3.2660E+002
142.0000,3.1055E+002
143.0000,3.0127E+002
144.0000,2.8783E+002
145.0000,2.9150E+002
146.0000,2.8789E+002
147.0000,3.0919E+002
148.0000,3.2895E+002
149.0000,3.0626E+002
150.0000,3.4614E+002
151.0000,3.2636E+002
152.0000,3.1871E+002
153.0000,3.2952E+002
154.0000,3.3225E+002
155.0000,3.3459E+002
156.0000,3.3657E+002
157.0000,3.4240E+002
158.0000,3.3820E+002
159.0000,3.4075E+002
160.0000,3.1889E+002
161.0000,3.2851E+002
162.0000,3.4015E+002
163.0000,3.3250E+002
164.0000,3.2829E+002
165.0000,3.2233E+002
166.0000,3.3064E+002
167.0000,3.4323E+002
168.0000,3.2899E+002
169.0000,2.9848E+002
170.0000,3.0846E+002
171.0000,3.1430E+002
172.0000,3.4539E+002
173.0000,3.4970E+002
174.0000,3.4208E+002
175.0000,3.3835E+002
176.0000,3.3037E+002
177.0000,3.2731E+002
178.0000,3.4959E+002
179.0000,3.3139E+002
180.0000,3.4802E+002
181.0000,3.4377E+002
182.0000,3.2952E+002
183.0000,3.3851E+002
184.0000,3.5191E+002
185.0000,3.2371E+002
186.0000,3.4597E+002
187.0000,3.3827E+002
188.0000,3.3988E+002
189.0000,3.5328E+002
190.0000,3.5676E+002
191.0000,3.3065E+002
192.0000,3.3474E+002
193.0000,3.4631E+002
194.0000,3.4829E+002
195.0000,3.5111E+002
196.0000,3.2803E+002
197.0000,3.3218E+002
198.0000,3.6211E+002
199.0000,3.5676E+002
200.0000,3.2993E+002
201.0000,3.4157E+002
202.0000,3.3584E+002
203.0000,3.3213E+002
204.0000,3.6733E+002
205.0000,3.7402E+002
206.0000,3.7261E+002
207.0000,3.5279E+002
208.0000,3.3887E+002
209.0000,3.4487E+002
210.0000,3.6060E+002
211.0000,3.4439E+002
212.0000,3.4011E+002
213.0000,3.4950E+002
214.0000,3.5075E+002
215.0000,3.3943E+002
216.0000,3.4027E+002
217.0000,3.5266E+002
218.0000,3.3677E+002
219.0000,3.4622E+002
220.0000,3.3995E+002
221.0000,3.1825E+002
222.0000,3.3196E+002
223.0000,3.4212E+002
224.0000,3.3486E+002
225.0000,3.4131E+002
226.0000,3.3213E+002
227.0000,3.4740E+002
228.0000,3.3784E+002
229.0000,3.1761E+002
230.0000,3.4271E+002
231.0000,3.4642E+002
232.0000,3.2472E+002
233.0000,3.2429E+002
234.0000,3.2999E+002
235.0000,3.1864E+002
236.0000,3.1413E+002
237.0000,3.1231E+002
238.0000,3.1049E+002
239.0000,3.2066E+002
240.0000,3.1548E+002
241.0000,2.9385E+002
242.0000,3.1848E+002
243.0000,3.2636E+002
244.0000,3.1836E+002
245.0000,3.3164E+002
246.0000,3.5274E+002
247.0000,3.5359E+002
248.0000,3.5138E+002
249.0000,3.3766E+002
250.0000,3.3707E+002
251.0000,3.4395E+002
252.0000,3.6129E+002
253.0000,3.3907E+002
254.0000,3.3904E+002
255.0000,3.6783E+002
256.0000,3.3584E+002
257.0000,3.2616E+002
258.0000,3.1803E+002
259.0000,3.0674E+002
260.0000,3.3701E+002
261.0000,3.4254E+002
262.0000,3.3754E+002
263.0000,3.5467E+002
264.0000,3.5151E+002
265.0000,3.3772E+002
266.0000,3.1849E+002
267.0000,2.9834E+002
268.0000,3.0837E+002
269.0000,3.1925E+002
270.0000,3.2665E+002
271.0000,3.0536E+002
272.0000,3.3213E+002
273.0000,3.1782E+002
274.0000,3.1073E+002
275.0000,3.0920E+002
276.0000,3.1919E+002
277.0000,3.0538E+002
278.0000,3.0041E+002
279.0000,3.1502E+002
280.0000,3.3783E+002
281.0000,3.3519E+002
282.0000,3.4145E+002
283.0000,2.9223E+002
284.0000,3.0250E+002
285.0000,3.1742E+002
286.0000,3.2725E+002
287.0000,3.2364E+002
288.0000,3.0110E+002
289.0000,3.1221E+002
290.0000,3.2558E+002
291.0000,3.1530E+002
292.0000,2.9840E+002
293.0000,3.0358E+002
294.0000,3.1065E+002
295.0000,2.9408E+002
296.0000,2.5851E+002
297.0000,2.9994E+002
298.0000,3.5327E+002
299.0000,2.9754E+002
300.0000,3.2332E+002
301.0000,3.0838E+002
302.0000,2.8685E+002
303.0000,2.9284E+002
304.0000,3.1880E+002
305.0000,3.1916E+002
306.0000,3.3045E+002
307.0000,3.4760E+002
308.0000,3.0991E+002
309.0000,2.8733E+002
310.0000,2.9306E+002
311.0000,2.9832E+002
312.0000,2.8845E+002
313.0000,2.8628E+002
314.0000,3.0298E+002
315.0000,2.9148E+002
316.0000,2.8709E+002
317.0000,2.7213E+002
318.0000,2.7366E+002
319.0000,3.0489E+002
320.0000,3.0039E+002
321.0000,3.0909E+002
322.0000,2.8891E+002
323.0000,3.0034E+002
324.0000,2.9122E+002
325.0000,2.6904E+002
326.0000,2.7687E+002
327.0000,2.7502E+002
328.0000,2.6586E+002
329.0000,2.8122E+002
330.0000,2.5107E+002
331.0000,2.4571E+002
332.0000,2.3593E+002
333.0000,2.5504E+002
334.0000,2.4951E+002
335.0000,2.4599E+002
336.0000,2.9433E+002
337.0000,2.8568E+002
338.0000,2.5885E+002
339.0000,2.8388E+002
340.0000,2.6340E+002
341.0000,2.5826E+002
342.0000,3.0207E+002
343.0000,3.1723E+002
344.0000,3.1791E+002
345.0000,3.0167E+002
346.0000,2.8299E+002
347.0000,2.8085E+002
348.0000,3.0632E+002
349.0000,3.0017E+002
350.0000,2.7968E+002
351.0000,2.5848E+002
352.0000,2.6324E+002
353.0000,2.4746E+002
354.0000,2.5385E+002
355.0000,2.3958E+002
356.0000,2.4799E+002
357.0000,2.3458E+002
358.0000,2.6133E+002
359.0000,3.0985E+002
360.0000,3.4415E+002
361.0000,3.2943E+002
362.0000,3.4599E+002
363.0000,3.3353E+002
364.0000,3.2487E+002
365.0000,3.0396E+002
