"",46.800
0.0000,0.0000E+000
1.0000,1.4092E+001
2.0000,1.2708E+001
3.0000,1.7264E+001
4.0000,1.7171E+001
5.0000,1.7596E+001
6.0000,1.4293E+001
7.0000,1.5031E+001
8.0000,1.5201E+001
9.0000,7.9377E+000
10.0000,1.2154E+001
11.0000,1.9290E+000
12.0000,1.4097E+001
13.0000,1.4485E+001
14.0000,6.5390E+000
15.0000,1.6550E+001
16.0000,1.5115E+001
17.0000,1.6054E+001
18.0000,7.8497E+000
19.0000,2.2214E+001
20.0000,2.4181E+000
21.0000,2.2339E+001
22.0000,1.9289E+001
23.0000,1.4571E+001
24.0000,1.5637E+001
25.0000,1.9862E+001
26.0000,1.0123E+001
27.0000,1.4976E+001
28.0000,1.8620E+001
29.0000,2.4504E+001
30.0000,2.5325E+001
31.0000,1.4411E+001
32.0000,1.3607E+001
33.0000,1.4169E+001
34.0000,5.1028E+000
35.0000,2.7683E+001
36.0000,2.7264E+001
37.0000,1.8690E+001
38.0000,2.7040E+001
39.0000,3.0792E+001
40.0000,3.7084E+001
41.0000,3.8820E+001
42.0000,3.4642E+001
43.0000,3.4237E+001
44.0000,3.1619E+001
45.0000,2.2769E+001
46.0000,3.3231E+001
47.0000,2.9654E+001
48.0000,3.8339E+001
49.0000,3.3686E+001
50.0000,3.5671E+001
51.0000,3.7550E+001
52.0000,4.6918E+001
53.0000,2.2899E+001
54.0000,1.7705E+001
55.0000,4.7368E+001
56.0000,3.4046E+001
57.0000,4.4944E+001
58.0000,4.6177E+001
59.0000,5.0833E+001
60.0000,4.0120E+001
61.0000,2.7576E+001
62.0000,5.8746E+001
63.0000,6.2151E+001
64.0000,5.4369E+001
65.0000,5.8575E+001
66.0000,6.6579E+001
67.0000,6.7558E+001
68.0000,6.5394E+001
69.0000,6.6850E+001
70.0000,5.3528E+001
71.0000,4.4991E+001
72.0000,6.1073E+001
73.0000,5.8829E+001
74.0000,4.2562E+001
75.0000,4.1729E+001
76.0000,1.7524E+001
77.0000,4.4377E+001
78.0000,7.8503E+001
79.0000,6.7596E+001
80.0000,7.5255E+001
81.0000,2.7962E+001
82.0000,6.6705E+001
83.0000,4.8285E+001
84.0000,6.5199E+001
85.0000,6.5339E+001
86.0000,6.4751E+001
87.0000,1.0584E+001
88.0000,4.7095E+001
89.0000,8.1832E+001
90.0000,7.8748E+001
91.0000,3.7407E+001
92.0000,7.2050E+001
93.0000,6.6161E+001
94.0000,4.3484E+001
95.0000,7.7069E+001
96.0000,9.9701E+001
97.0000,8.8827E+001
98.0000,1.1731E+002
99.0000,1.3048E+002
100.0000,1.3327E+002
101.0000,1.3761E+002
102.0000,1.3927E+002
103.0000,1.2073E+002
104.0000,1.3982E+002
105.0000,1.4806E+002
106.0000,1.4608E+002
107.0000,1.0871E+002
108.0000,1.1498E+002
109.0000,1.3801E+002
110.0000,1.1998E+002
111.0000,1.3491E+002
112.0000,1.2055E+002
113.0000,7.8660E+001
114.0000,8.7634E+001
115.0000,9.9988E+001
116.0000,5.4366E+001
117.0000,8.0105E+001
118.0000,9.4396E+001
119.0000,1.0316E+002
120.0000,9.7136E+001
121.0000,9.9647E+001
122.0000,1.3358E+002
123.0000,9.6380E+001
124.0000,4.2064E+001
125.0000,9.9763E+001
126.0000,1.3517E+002
127.0000,1.6349E+002
128.0000,1.2783E+002
129.0000,1.3292E+002
130.0000,1.4448E+002
131.0000,1.3960E+002
132.0000,6.7636E+001
133.0000,1.2012E+002
134.0000,1.1472E+002
135.0000,1.4623E+002
136.0000,1.2261E+002
137.0000,2.0886E+001
138.0000,9.3464E+001
139.0000,1.0599E+002
140.0000,1.2070E+002
141.0000,1.6198E+002
142.0000,1.8758E+002
143.0000,1.8634E+002
144.0000,1.9283E+002
145.0000,1.7168E+002
146.0000,1.4210E+002
147.0000,1.2060E+002
148.0000,7.1517E+001
149.0000,1.3884E+002
150.0000,9.4843E+001
151.0000,1.5305E+002
152.0000,1.7785E+002
153.0000,1.4643E+002
154.0000,1.4664E+002
155.0000,1.4205E+002
156.0000,1.2531E+002
157.0000,3.0261E+001
158.0000,7.5323E+001
159.0000,7.8212E+001
160.0000,1.7082E+002
161.0000,1.1150E+002
162.0000,1.3073E+002
163.0000,1.0672E+002
164.0000,1.2348E+002
165.0000,1.9212E+002
166.0000,1.7108E+002
167.0000,1.4345E+002
168.0000,7.8404E+001
169.0000,2.0960E+002
170.0000,1.9168E+002
171.0000,1.8142E+002
172.0000,1.0611E+002
173.0000,8.6580E+001
174.0000,1.2123E+002
175.0000,1.2250E+002
176.0000,1.4315E+002
177.0000,1.4676E+002
178.0000,4.0234E+001
179.0000,1.6064E+002
180.0000,8.1771E+001
181.0000,1.6802E+002
182.0000,1.4651E+002
183.0000,1.2770E+002
184.0000,1.1525E+002
185.0000,1.5731E+002
186.0000,4.3424E+001
187.0000,1.3483E+002
188.0000,5.3256E+001
189.0000,5.8809E+001
190.0000,3.7521E+001
191.0000,1.1049E+002
192.0000,1.3450E+002
193.0000,5.6979E+001
194.0000,1.2854E+002
195.0000,8.6478E+001
196.0000,1.2952E+002
197.0000,1.2393E+002
198.0000,9.3183E+001
199.0000,1.1425E+002
200.0000,1.3312E+002
201.0000,1.0263E+002
202.0000,1.4164E+002
203.0000,1.1600E+002
204.0000,9.3646E+001
205.0000,8.3203E+001
206.0000,1.2552E+002
207.0000,1.1199E+002
208.0000,1.3230E+002
209.0000,1.5918E+002
210.0000,7.5479E+001
211.0000,1.0797E+002
212.0000,1.1262E+002
213.0000,8.0295E+001
214.0000,8.6656E+001
215.0000,1.2660E+002
216.0000,1.1635E+002
217.0000,6.1397E+001
218.0000,1.2800E+002
219.0000,1.0760E+002
220.0000,1.1090E+002
221.0000,1.5242E+002
222.0000,1.0760E+002
223.0000,1.0905E+002
224.0000,1.0459E+002
225.0000,6.2035E+001
226.0000,1.4409E+002
227.0000,4.8770E+001
228.0000,1.0801E+002
229.0000,1.1323E+002
230.0000,7.1273E+001
231.0000,1.2034E+002
232.0000,1.1360E+002
233.0000,1.0337E+002
234.0000,9.0639E+001
235.0000,9.6946E+001
236.0000,1.0720E+002
237.0000,1.2222E+002
238.0000,1.1465E+002
239.0000,1.0510E+002
240.0000,1.0540E+002
241.0000,1.3883E+002
242.0000,1.0452E+002
243.0000,9.7556E+001
244.0000,1.1589E+002
245.0000,9.4707E+001
246.0000,6.8654E+001
247.0000,5.7698E+001
248.0000,5.5856E+001
249.0000,5.7640E+001
250.0000,6.7276E+001
251.0000,7.2706E+001
252.0000,6.1199E+001
253.0000,6.7329E+001
254.0000,5.8219E+001
255.0000,4.1155E+001
256.0000,6.0264E+001
257.0000,6.1967E+001
258.0000,7.5720E+001
259.0000,8.2641E+001
260.0000,2.1502E+001
261.0000,4.4455E+001
262.0000,6.3546E+001
263.0000,3.5551E+001
264.0000,5.9899E+001
265.0000,4.3631E+001
266.0000,7.2383E+001
267.0000,7.7618E+001
268.0000,7.0428E+001
269.0000,5.7699E+001
270.0000,3.3769E+001
271.0000,6.8075E+001
272.0000,3.2056E+001
273.0000,5.9851E+001
274.0000,3.9325E+001
275.0000,5.9282E+001
276.0000,2.8621E+001
277.0000,5.4774E+001
278.0000,6.0920E+001
279.0000,5.4920E+001
280.0000,4.2998E+001
281.0000,5.0862E+001
282.0000,3.8026E+001
283.0000,6.9769E+001
284.0000,4.9286E+001
285.0000,4.0895E+001
286.0000,3.6239E+001
287.0000,3.2713E+001
288.0000,5.0054E+001
289.0000,3.2330E+001
290.0000,2.2974E+001
291.0000,2.9627E+001
292.0000,3.7027E+001
293.0000,3.4788E+001
294.0000,1.4902E+001
295.0000,3.7604E+001
296.0000,5.1486E+001
297.0000,2.4834E+001
298.0000,1.0270E+001
299.0000,2.8521E+001
300.0000,6.5972E+000
301.0000,1.0773E+001
302.0000,2.6374E+001
303.0000,1.8669E+001
304.0000,4.6033E+000
305.0000,7.5228E+000
306.0000,7.9889E+000
307.0000,5.8913E+000
308.0000,1.0657E+001
309.0000,2.6205E+001
310.0000,2.4636E+001
311.0000,2.2000E+001
312.0000,2.8585E+001
313.0000,2.6512E+001
314.0000,1.9536E+001
315.0000,2.2671E+001
316.0000,2.5130E+001
317.0000,2.6947E+001
318.0000,2.5570E+001
319.0000,1.2662E+001
320.0000,2.4422E+001
321.0000,1.6627E+001
322.0000,2.1689E+001
323.0000,1.3463E+001
324.0000,1.7493E+001
325.0000,2.1478E+001
326.0000,1.9133E+001
327.0000,1.5957E+001
328.0000,2.2293E+001
329.0000,1.8644E+001
330.0000,2.1622E+001
331.0000,2.2160E+001
332.0000,2.2662E+001
333.0000,1.6576E+001
334.0000,1.9101E+001
335.0000,1.8282E+001
336.0000,9.6103E+000
337.0000,8.4450E+000
338.0000,1.5532E+001
339.0000,1.2930E+001
340.0000,1.6274E+001
341.0000,1.6127E+001
342.0000,1.0470E+001
343.0000,1.0550E+001
344.0000,9.5436E+000
345.0000,7.8665E+000
346.0000,1.5365E+001
347.0000,1.4222E+001
348.0000,1.0429E+001
349.0000,9.1459E+000
350.0000,9.9127E+000
351.0000,1.3454E+001
352.0000,1.2178E+001
353.0000,1.5265E+001
354.0000,1.1442E+001
355.0000,1.3573E+001
356.0000,1.3476E+001
357.0000,1.4295E+001
358.0000,1.4627E+001
359.0000,3.1402E+000
360.0000,4.4437E+000
361.0000,1.0501E+001
362.0000,5.0862E+000
363.0000,9.4034E+000
364.0000,8.5779E+000
365.0000,8.2693E+000
