Time [d]	Q_in [m2/s]
0	2
-1	-1.00	0.00
1	0.93035303	0.93035303
2	0.858069	0.858069
3	0.80491245	0.80491245
4	0.75878792	0.75878792
5	1.75187531	1.75187531
6	1.0456281	1.0456281
7	0.82398873	0.82398873
8	0.99917625	0.99917625
9	0.74688733	0.74688733
10	0.66810687	0.66810687
11	0.76246237	0.76246237
12	1.61709098	1.61709098
13	1.73314916	1.73314916
14	1.90481734	1.90481734
15	9.2406475	9.2406475
16	3.7049298	3.7049298
17	3.2652739	3.2652739
18	1.7180858	1.7180858
19	1.26396482	1.26396482
20	1.79598181	1.79598181
21	6.6948718	6.6948718
22	2.52064	2.52064
23	1.13213617	1.13213617
24	0.88387093	0.88387093
25	0.86874079	0.86874079
26	0.7627279	0.7627279
27	1.98968447	1.98968447
28	3.33381	3.33381
29	6.1224862	6.1224862
30	1.30196223	1.30196223
31	1.11227498	1.11227498
32	1.15803991	1.15803991
33	1.6528666	1.6528666
34	3.480822	3.480822
35	1.58520822	1.58520822
36	1.3590323	1.3590323
37	0.9264285	0.9264285
38	0.79859407	0.79859407
39	0.72049918	0.72049918
40	0.6606757	0.6606757
41	0.61939137	0.61939137
42	0.59056782	0.59056782
43	0.57584088	0.57584088
44	0.56317633	0.56317633
45	0.58074595	0.58074595
46	1.18557697	1.18557697
47	2.457976	2.457976
48	1.61429893	1.61429893
49	0.95828778	0.95828778
50	1.02688878	1.02688878
51	0.94714993	0.94714993
52	0.87722929	0.87722929
53	0.78461208	0.78461208
54	0.68835878	0.68835878
55	0.66542123	0.66542123
56	0.78488266	0.78488266
57	2.31638051	2.31638051
58	2.21122299	2.21122299
59	2.887767	2.887767
60	1.20115556	1.20115556
61	0.85192952	0.85192952
62	1.35312413	1.35312413
63	1.15233863	1.15233863
64	0.82228943	0.82228943
65	0.73432865	0.73432865
66	0.68633435	0.68633435
67	0.62367755	0.62367755
68	0.58141465	0.58141465
69	0.55943756	0.55943756
70	0.54527558	0.54527558
71	0.57751483	0.57751483
72	0.5865626	0.5865626
73	0.55675243	0.55675243
74	0.54516055	0.54516055
75	0.53033725	0.53033725
76	0.54729802	0.54729802
77	0.74968005	0.74968005
78	1.0068657	1.0068657
79	0.64105697	0.64105697
80	0.6204705	0.6204705
81	2.08832618	2.08832618
82	1.33907683	1.33907683
83	2.651036	2.651036
84	0.98557447	0.98557447
85	1.29926325	1.29926325
86	0.90522317	0.90522317
87	0.7104428	0.7104428
88	2.14902949	2.14902949
89	5.560921	5.560921
90	2.19518882	2.19518882
91	1.94029364	1.94029364
92	1.51428088	1.51428088
93	3.0587559	3.0587559
94	3.2133447	3.2133447
95	13.8645499	13.8645499
96	3.0121489	3.0121489
97	1.06531923	1.06531923
98	0.69873585	0.69873585
99	0.57502888	0.57502888
100	0.5022811	0.5022811
101	0.4600588	0.4600588
102	0.47702265	0.47702265
103	0.48609863	0.48609863
104	0.47131555	0.47131555
105	0.45956015	0.45956015
106	0.44993397	0.44993397
107	0.4425379	0.4425379
108	0.44461167	0.44461167
109	0.43731948	0.43731948
110	0.43228815	0.43228815
111	0.42592322	0.42592322
112	0.42493697	0.42493697
113	0.4234215	0.4234215
114	0.42945417	0.42945417
115	0.46509952	0.46509952
116	0.45541153	0.45541153
117	0.46783782	0.46783782
118	1.9105582	1.9105582
119	1.05843785	1.05843785
120	1.03368103	1.03368103
121	0.73573072	0.73573072
122	0.6231705	0.6231705
123	0.5167245	0.5167245
124	0.46846112	0.46846112
125	0.52999263	0.52999263
126	0.62684462	0.62684462
127	0.51641755	0.51641755
128	0.45479894	0.45479894
129	0.43157879	0.43157879
130	0.4209224	0.4209224
131	0.41431915	0.41431915
132	0.4184846	0.4184846
133	0.44900862	0.44900862
134	0.53153585	0.53153585
135	0.55394578	0.55394578
136	0.60975048	0.60975048
137	0.50145727	0.50145727
138	2.17331603	2.17331603
139	3.4551327	3.4551327
140	0.9127286	0.9127286
141	0.65375227	0.65375227
142	0.54588631	0.54588631
143	0.48810392	0.48810392
144	0.45719518	0.45719518
145	0.43821003	0.43821003
146	0.42696977	0.42696977
147	0.4243964	0.4243964
148	0.42341274	0.42341274
149	0.43207228	0.43207228
150	0.42471965	0.42471965
151	0.51837696	0.51837696
152	1.0484301	1.0484301
153	0.56424455	0.56424455
154	0.48815242	0.48815242
155	0.48152062	0.48152062
156	0.46154862	0.46154862
157	0.4501612	0.4501612
158	0.44069647	0.44069647
159	0.44048026	0.44048026
160	0.4344338	0.4344338
161	0.42751915	0.42751915
162	0.42544552	0.42544552
163	0.41652758	0.41652758
164	0.51328945	0.51328945
165	0.558553	0.558553
166	0.44243255	0.44243255
167	0.39803835	0.39803835
168	0.40317565	0.40317565
169	0.39876083	0.39876083
170	0.35981192	0.35981192
171	0.3448887	0.3448887
172	0.33542693	0.33542693
173	0.33043873	0.33043873
174	0.34753148	0.34753148
175	0.3446416	0.3446416
176	0.33478802	0.33478802
177	0.34719145	0.34719145
178	0.33297135	0.33297135
179	0.33131118	0.33131118
180	0.32377503	0.32377503
181	0.5972632	0.5972632
182	8.2880138	8.2880138
183	0.85985682	0.85985682
184	0.67942056	0.67942056
185	11.5010194	11.5010194
186	1.2469529	1.2469529
187	3.1422862	3.1422862
188	2.16457647	2.16457647
189	0.83972162	0.83972162
190	1.11665772	1.11665772
191	2.05305215	2.05305215
192	1.94458936	1.94458936
193	0.78867013	0.78867013
194	0.77819906	0.77819906
195	6.3283172	6.3283172
196	9.1705812	9.1705812
197	2.5282952	2.5282952
198	2.5154545	2.5154545
199	1.67254386	1.67254386
200	2.8308067	2.8308067
201	2.9134219	2.9134219
202	2.6007237	2.6007237
203	1.38107348	1.38107348
204	0.71387273	0.71387273
205	0.93799228	0.93799228
206	1.25920108	1.25920108
207	1.40867085	1.40867085
208	1.19744153	1.19744153
209	2.6269937	2.6269937
210	0.9368807	0.9368807
211	2.7721448	2.7721448
212	1.91124281	1.91124281
213	1.59433622	1.59433622
214	1.13054573	1.13054573
215	2.19041016	2.19041016
216	3.2354975	3.2354975
217	1.00182521	1.00182521
218	2.47648431	2.47648431
219	1.78780532	1.78780532
220	1.60579515	1.60579515
221	4.0350555	4.0350555
222	3.8216838	3.8216838
223	0.93728706	0.93728706
224	0.72306887	0.72306887
225	0.62384131	0.62384131
226	0.57115657	0.57115657
227	0.5553857	0.5553857
228	1.95722351	1.95722351
229	2.13492768	2.13492768
230	1.04672447	1.04672447
231	1.6955042	1.6955042
232	3.7104723	3.7104723
233	0.90787042	0.90787042
234	0.85646444	0.85646444
235	3.323555	3.323555
236	4.2197475	4.2197475
237	1.00041773	1.00041773
238	0.64117397	0.64117397
239	0.53390357	0.53390357
240	0.49491407	0.49491407
241	0.58054685	0.58054685
242	0.49968332	0.49968332
243	0.44593269	0.44593269
244	0.4213194	0.4213194
245	0.40323806	0.40323806
246	0.38630153	0.38630153
247	0.38356768	0.38356768
248	0.38315026	0.38315026
249	2.24989003	2.24989003
250	20.1893919	20.1893919
251	19.9133902	19.9133902
252	5.1536887	5.1536887
253	5.4918363	5.4918363
254	2.20977383	2.20977383
255	1.14005062	1.14005062
256	11.3628707	11.3628707
257	3.5243238	3.5243238
258	2.22685131	2.22685131
259	1.1823946	1.1823946
260	0.91793108	0.91793108
261	8.3541933	8.3541933
262	3.9193182	3.9193182
263	2.02321281	2.02321281
264	2.9231887	2.9231887
265	9.7198672	9.7198672
266	5.2475285	5.2475285
267	1.32098949	1.32098949
268	0.74288228	0.74288228
269	0.60254697	0.60254697
270	0.53352855	0.53352855
271	0.83145105	0.83145105
272	0.66830154	0.66830154
273	0.7422781	0.7422781
274	1.58376118	1.58376118
275	1.92072433	1.92072433
276	1.93753003	1.93753003
277	3.0647424	3.0647424
278	2.099507	2.099507
279	3.429054	3.429054
280	0.9676557	0.9676557
281	0.66734443	0.66734443
282	0.5828626	0.5828626
283	0.52738753	0.52738753
284	0.4933373	0.4933373
285	0.4623194	0.4623194
286	0.44304715	0.44304715
287	0.43653925	0.43653925
288	0.6390503	0.6390503
289	0.92744314	0.92744314
290	0.74595428	0.74595428
291	0.98988113	0.98988113
292	1.07037697	1.07037697
293	0.6936581	0.6936581
294	0.72155972	0.72155972
295	4.1033205	4.1033205
296	1.55273	1.55273
297	0.80131322	0.80131322
298	0.64697735	0.64697735
299	14.6617496	14.6617496
300	3.3822023	3.3822023
301	2.7328548	2.7328548
302	3.0220463	3.0220463
303	2.37977103	2.37977103
304	1.06198253	1.06198253
305	13.6868685	13.6868685
306	5.0923049	5.0923049
307	5.4411895	5.4411895
308	12.9808832	12.9808832
309	3.3303187	3.3303187
310	2.9972682	2.9972682
311	8.50538	8.50538
312	10.5017945	10.5017945
313	2.5576718	2.5576718
314	1.18915248	1.18915248
315	8.1345572	8.1345572
316	1.77467548	1.77467548
317	2.30079669	2.30079669
318	1.28740468	1.28740468
319	1.33996637	1.33996637
320	3.6650053	3.6650053
321	4.1054993	4.1054993
322	9.938585	9.938585
323	1.94637214	1.94637214
324	0.93952758	0.93952758
325	0.72008505	0.72008505
326	0.62469864	0.62469864
327	0.57101078	0.57101078
328	0.67196107	0.67196107
329	1.43159234	1.43159234
330	2.9752761	2.9752761
331	1.57017423	1.57017423
332	0.92835218	0.92835218
333	0.70932208	0.70932208
334	0.61117025	0.61117025
335	0.54951813	0.54951813
336	0.50861517	0.50861517
337	3.4374695	3.4374695
338	1.93726431	1.93726431
339	0.9644985	0.9644985
340	2.39752283	2.39752283
341	1.08692055	1.08692055
342	0.76277995	0.76277995
343	1.41714237	1.41714237
344	1.73596767	1.73596767
345	0.96603922	0.96603922
346	0.72491763	0.72491763
347	0.60890017	0.60890017
348	0.54157425	0.54157425
349	0.53732495	0.53732495
350	0.59420555	0.59420555
351	0.63001363	0.63001363
352	0.60264521	0.60264521
353	0.5603778	0.5603778
354	0.51399905	0.51399905
355	0.5002781	0.5002781
356	0.46841791	0.46841791
357	0.4599935	0.4599935
358	0.44257493	0.44257493
359	0.46457717	0.46457717
360	4.4483282	4.4483282
361	8.9441553	8.9441553
362	2.7852927	2.7852927
363	6.9782402	6.9782402
364	1.53117552	1.53117552
365	0.78937267	0.78937267
366	0.63200321	0.63200321
