Time [d]	Q_out [m3/s]
0	2
-1	-1.00	0.00
1	-0.93035304	-0.93035304
2	-0.85806899	-0.85806899
3	-0.80491244	-0.80491244
4	-0.75878792	-0.75878792
5	-1.7518753	-1.7518753
6	-1.0456281	-1.0456281
7	-0.82398874	-0.82398874
8	-0.99917625	-0.99917625
9	-0.74688733	-0.74688733
10	-0.66810686	-0.66810686
11	-0.76246236	-0.76246236
12	-1.617091	-1.617091
13	-1.7331491	-1.7331491
14	-1.9048174	-1.9048174
15	-9.2406475	-9.2406475
16	-3.7049298	-3.7049298
17	-3.2652739	-3.2652739
18	-1.7180858	-1.7180858
19	-1.2639648	-1.2639648
20	-1.7959818	-1.7959818
21	-6.6948718	-6.6948718
22	-2.52064	-2.52064
23	-1.1321362	-1.1321362
24	-0.88387093	-0.88387093
25	-0.86874079	-0.86874079
26	-0.7627279	-0.7627279
27	-1.9896844	-1.9896844
28	-3.33381	-3.33381
29	-6.1224862	-6.1224862
30	-1.3019622	-1.3019622
31	-1.112275	-1.112275
32	-1.1580399	-1.1580399
33	-1.6528666	-1.6528666
34	-3.480822	-3.480822
35	-1.5852082	-1.5852082
36	-1.3590323	-1.3590323
37	-0.92642851	-0.92642851
38	-0.79859407	-0.79859407
39	-0.72049918	-0.72049918
40	-0.6606757	-0.6606757
41	-0.61939137	-0.61939137
42	-0.59056782	-0.59056782
43	-0.57584088	-0.57584088
44	-0.56317633	-0.56317633
45	-0.58074595	-0.58074595
46	-1.185577	-1.185577
47	-2.457976	-2.457976
48	-1.6142989	-1.6142989
49	-0.95828778	-0.95828778
50	-1.0268888	-1.0268888
51	-0.94714994	-0.94714994
52	-0.87722929	-0.87722929
53	-0.78461208	-0.78461208
54	-0.68835878	-0.68835878
55	-0.66542124	-0.66542124
56	-0.78488266	-0.78488266
57	-2.3163805	-2.3163805
58	-2.211223	-2.211223
59	-2.8877671	-2.8877671
60	-1.2011556	-1.2011556
61	-0.85192951	-0.85192951
62	-1.3531241	-1.3531241
63	-1.1523386	-1.1523386
64	-0.82228942	-0.82228942
65	-0.73432864	-0.73432864
66	-0.68633436	-0.68633436
67	-0.62367756	-0.62367756
68	-0.58141465	-0.58141465
69	-0.55943756	-0.55943756
70	-0.54527558	-0.54527558
71	-0.57751483	-0.57751483
72	-0.58656259	-0.58656259
73	-0.55675243	-0.55675243
74	-0.54516054	-0.54516054
75	-0.53033725	-0.53033725
76	-0.54729802	-0.54729802
77	-0.74968006	-0.74968006
78	-1.0068657	-1.0068657
79	-0.64105697	-0.64105697
80	-0.6204705	-0.6204705
81	-2.0883262	-2.0883262
82	-1.3390768	-1.3390768
83	-2.651036	-2.651036
84	-0.98557447	-0.98557447
85	-1.2992632	-1.2992632
86	-0.90522316	-0.90522316
87	-0.7104428	-0.7104428
88	-2.1490295	-2.1490295
89	-5.560921	-5.560921
90	-2.1951888	-2.1951888
91	-1.9402936	-1.9402936
92	-1.5142809	-1.5142809
93	-3.0587559	-3.0587559
94	-3.2133447	-3.2133447
95	-13.86455	-13.86455
96	-3.0121489	-3.0121489
97	-1.0653192	-1.0653192
98	-0.69873585	-0.69873585
99	-0.57502888	-0.57502888
100	-0.5022811	-0.5022811
101	-0.46005881	-0.46005881
102	-0.47702265	-0.47702265
103	-0.48609863	-0.48609863
104	-0.47131555	-0.47131555
105	-0.45956015	-0.45956015
106	-0.44993397	-0.44993397
107	-0.44253789	-0.44253789
108	-0.44461166	-0.44461166
109	-0.43731948	-0.43731948
110	-0.43228815	-0.43228815
111	-0.42592322	-0.42592322
112	-0.42493697	-0.42493697
113	-0.4234215	-0.4234215
114	-0.42945417	-0.42945417
115	-0.46509951	-0.46509951
116	-0.45541153	-0.45541153
117	-0.46783782	-0.46783782
118	-1.9105582	-1.9105582
119	-1.0584379	-1.0584379
120	-1.033681	-1.033681
121	-0.73573072	-0.73573072
122	-0.6231705	-0.6231705
123	-0.5167245	-0.5167245
124	-0.46846112	-0.46846112
125	-0.52999263	-0.52999263
126	-0.62684462	-0.62684462
127	-0.51641755	-0.51641755
128	-0.45479894	-0.45479894
129	-0.43157879	-0.43157879
130	-0.4209224	-0.4209224
131	-0.41431914	-0.41431914
132	-0.41848461	-0.41848461
133	-0.44900862	-0.44900862
134	-0.53153585	-0.53153585
135	-0.55394579	-0.55394579
136	-0.60975049	-0.60975049
137	-0.50145727	-0.50145727
138	-2.1733161	-2.1733161
139	-3.4551327	-3.4551327
140	-0.9127286	-0.9127286
141	-0.65375227	-0.65375227
142	-0.54588631	-0.54588631
143	-0.48810392	-0.48810392
144	-0.45719518	-0.45719518
145	-0.43821003	-0.43821003
146	-0.42696977	-0.42696977
147	-0.42439641	-0.42439641
148	-0.42341274	-0.42341274
149	-0.43207228	-0.43207228
150	-0.42471964	-0.42471964
151	-0.51837696	-0.51837696
152	-1.0484301	-1.0484301
153	-0.56424455	-0.56424455
154	-0.48815242	-0.48815242
155	-0.48152062	-0.48152062
156	-0.46154862	-0.46154862
157	-0.45016119	-0.45016119
158	-0.44069647	-0.44069647
159	-0.44048026	-0.44048026
160	-0.43443379	-0.43443379
161	-0.42751915	-0.42751915
162	-0.42544552	-0.42544552
163	-0.41652758	-0.41652758
164	-0.51328945	-0.51328945
165	-0.558553	-0.558553
166	-0.44243255	-0.44243255
167	-0.39803835	-0.39803835
168	-0.40317564	-0.40317564
169	-0.39876083	-0.39876083
170	-0.35981191	-0.35981191
171	-0.34488869	-0.34488869
172	-0.33542693	-0.33542693
173	-0.33043874	-0.33043874
174	-0.34753148	-0.34753148
175	-0.3446416	-0.3446416
176	-0.33478802	-0.33478802
177	-0.34719146	-0.34719146
178	-0.33297134	-0.33297134
179	-0.33131118	-0.33131118
180	-0.32377502	-0.32377502
181	-0.59726319	-0.59726319
182	-8.2880138	-8.2880138
183	-0.85985682	-0.85985682
184	-0.67942056	-0.67942056
185	-11.501019	-11.501019
186	-1.2469529	-1.2469529
187	-3.1422861	-3.1422861
188	-2.1645764	-2.1645764
189	-0.83972161	-0.83972161
190	-1.1166577	-1.1166577
191	-2.0530521	-2.0530521
192	-1.9445894	-1.9445894
193	-0.78867013	-0.78867013
194	-0.77819906	-0.77819906
195	-6.3283171	-6.3283171
196	-9.1705811	-9.1705811
197	-2.5282952	-2.5282952
198	-2.5154546	-2.5154546
199	-1.6725439	-1.6725439
200	-2.8308067	-2.8308067
201	-2.9134219	-2.9134219
202	-2.6007237	-2.6007237
203	-1.3810735	-1.3810735
204	-0.71387273	-0.71387273
205	-0.93799228	-0.93799228
206	-1.2592011	-1.2592011
207	-1.4086709	-1.4086709
208	-1.1974415	-1.1974415
209	-2.6269937	-2.6269937
210	-0.9368807	-0.9368807
211	-2.7721448	-2.7721448
212	-1.9112428	-1.9112428
213	-1.5943362	-1.5943362
214	-1.1305457	-1.1305457
215	-2.1904101	-2.1904101
216	-3.2354975	-3.2354975
217	-1.0018252	-1.0018252
218	-2.4764843	-2.4764843
219	-1.7878053	-1.7878053
220	-1.6057951	-1.6057951
221	-4.0350554	-4.0350554
222	-3.8216838	-3.8216838
223	-0.93728706	-0.93728706
224	-0.72306887	-0.72306887
225	-0.62384131	-0.62384131
226	-0.57115656	-0.57115656
227	-0.5553857	-0.5553857
228	-1.9572235	-1.9572235
229	-2.1349277	-2.1349277
230	-1.0467245	-1.0467245
231	-1.6955042	-1.6955042
232	-3.7104724	-3.7104724
233	-0.90787042	-0.90787042
234	-0.85646444	-0.85646444
235	-3.323555	-3.323555
236	-4.2197475	-4.2197475
237	-1.0004177	-1.0004177
238	-0.64117397	-0.64117397
239	-0.53390357	-0.53390357
240	-0.49491407	-0.49491407
241	-0.58054686	-0.58054686
242	-0.49968332	-0.49968332
243	-0.44593269	-0.44593269
244	-0.4213194	-0.4213194
245	-0.40323806	-0.40323806
246	-0.38630153	-0.38630153
247	-0.38356768	-0.38356768
248	-0.38315026	-0.38315026
249	-2.2498901	-2.2498901
250	-20.189392	-20.189392
251	-19.913391	-19.913391
252	-5.1536887	-5.1536887
253	-5.4918364	-5.4918364
254	-2.2097738	-2.2097738
255	-1.1400506	-1.1400506
256	-11.362871	-11.362871
257	-3.5243238	-3.5243238
258	-2.2268513	-2.2268513
259	-1.1823946	-1.1823946
260	-0.91793108	-0.91793108
261	-8.3541933	-8.3541933
262	-3.9193182	-3.9193182
263	-2.0232128	-2.0232128
264	-2.9231886	-2.9231886
265	-9.7198672	-9.7198672
266	-5.2475285	-5.2475285
267	-1.3209895	-1.3209895
268	-0.74288228	-0.74288228
269	-0.60254697	-0.60254697
270	-0.53352855	-0.53352855
271	-0.83145105	-0.83145105
272	-0.66830154	-0.66830154
273	-0.74227809	-0.74227809
274	-1.5837612	-1.5837612
275	-1.9207243	-1.9207243
276	-1.9375301	-1.9375301
277	-3.0647424	-3.0647424
278	-2.099507	-2.099507
279	-3.429054	-3.429054
280	-0.9676557	-0.9676557
281	-0.66734442	-0.66734442
282	-0.5828626	-0.5828626
283	-0.52738753	-0.52738753
284	-0.4933373	-0.4933373
285	-0.46231941	-0.46231941
286	-0.44304715	-0.44304715
287	-0.43653925	-0.43653925
288	-0.6390503	-0.6390503
289	-0.92744314	-0.92744314
290	-0.74595428	-0.74595428
291	-0.98988113	-0.98988113
292	-1.070377	-1.070377
293	-0.6936581	-0.6936581
294	-0.72155972	-0.72155972
295	-4.1033205	-4.1033205
296	-1.55273	-1.55273
297	-0.80131322	-0.80131322
298	-0.64697735	-0.64697735
299	-14.66175	-14.66175
300	-3.3822023	-3.3822023
301	-2.7328548	-2.7328548
302	-3.0220463	-3.0220463
303	-2.3797711	-2.3797711
304	-1.0619825	-1.0619825
305	-13.686869	-13.686869
306	-5.0923049	-5.0923049
307	-5.4411895	-5.4411895
308	-12.980883	-12.980883
309	-3.3303187	-3.3303187
310	-2.9972682	-2.9972682
311	-8.50538	-8.50538
312	-10.501795	-10.501795
313	-2.5576719	-2.5576719
314	-1.1891525	-1.1891525
315	-8.1345572	-8.1345572
316	-1.7746755	-1.7746755
317	-2.3007967	-2.3007967
318	-1.2874047	-1.2874047
319	-1.3399664	-1.3399664
320	-3.6650053	-3.6650053
321	-4.1054993	-4.1054993
322	-9.9385851	-9.9385851
323	-1.9463721	-1.9463721
324	-0.93952758	-0.93952758
325	-0.72008505	-0.72008505
326	-0.62469864	-0.62469864
327	-0.57101078	-0.57101078
328	-0.67196107	-0.67196107
329	-1.4315923	-1.4315923
330	-2.9752761	-2.9752761
331	-1.5701742	-1.5701742
332	-0.92835218	-0.92835218
333	-0.70932208	-0.70932208
334	-0.61117025	-0.61117025
335	-0.54951814	-0.54951814
336	-0.50861518	-0.50861518
337	-3.4374696	-3.4374696
338	-1.9372643	-1.9372643
339	-0.9644985	-0.9644985
340	-2.3975228	-2.3975228
341	-1.0869206	-1.0869206
342	-0.76277995	-0.76277995
343	-1.4171424	-1.4171424
344	-1.7359677	-1.7359677
345	-0.96603922	-0.96603922
346	-0.72491764	-0.72491764
347	-0.60890017	-0.60890017
348	-0.54157424	-0.54157424
349	-0.53732495	-0.53732495
350	-0.59420555	-0.59420555
351	-0.63001362	-0.63001362
352	-0.60264521	-0.60264521
353	-0.5603778	-0.5603778
354	-0.51399906	-0.51399906
355	-0.5002781	-0.5002781
356	-0.46841791	-0.46841791
357	-0.45999351	-0.45999351
358	-0.44257493	-0.44257493
359	-0.46457717	-0.46457717
360	-4.4483281	-4.4483281
361	-8.9441554	-8.9441554
362	-2.7852927	-2.7852927
363	-6.9782402	-6.9782402
364	-1.5311755	-1.5311755
365	-0.78937267	-0.78937267
366	-0.63200321	-0.63200321
