Time [d]	T_in [degC]
0	2
-1	-1.00	0.00
1	1.5995833	1.5995833
2	0.95229167	0.95229167
3	0.81666667	0.81666667
4	0.51	0.51
5	1.48625	1.48625
6	1.305	1.305
7	1.204375	1.204375
8	1.4972917	1.4972917
9	0.25	0.25
10	0.45666667	0.45666667
11	1.8054167	1.8054167
12	1.673125	1.673125
13	2.269375	2.269375
14	2.613125	2.613125
15	4.068125	4.068125
16	4.871875	4.871875
17	4.845	4.845
18	6.071875	6.071875
19	5.1652083	5.1652083
20	4.7845833	4.7845833
21	5.5008333	5.5008333
22	5.528125	5.528125
23	3.52375	3.52375
24	2.9929167	2.9929167
25	4.2047917	4.2047917
26	3.896875	3.896875
27	5.9864583	5.9864583
28	6.2179167	6.2179167
29	5.9852083	5.9852083
30	4.3541667	4.3541667
31	3.4083333	3.4083333
32	3.7558333	3.7558333
33	5.9589583	5.9589583
34	5.6285417	5.6285417
35	5.5008333	5.5008333
36	5.5929167	5.5929167
37	4.5683333	4.5683333
38	4.8358333	4.8358333
39	4.5102128	4.5102128
40	3.6110417	3.6110417
41	2.3472917	2.3472917
42	1.5885417	1.5885417
43	2.40875	2.40875
44	2.318125	2.318125
45	2.6397917	2.6397917
46	4.1929167	4.1929167
47	3.748125	3.748125
48	4.051875	4.051875
49	3.0610417	3.0610417
50	3.1389583	3.1389583
51	2.47625	2.47625
52	3.00875	3.00875
53	2.819375	2.819375
54	2.6304167	2.6304167
55	3.243125	3.243125
56	3.4333333	3.4333333
57	4.2204167	4.2204167
58	4.454375	4.454375
59	4.0877083	4.0877083
60	3.655	3.655
61	3.6710417	3.6710417
62	4.5497917	4.5497917
63	4.4166667	4.4166667
64	3.9025	3.9025
65	4.6154167	4.6154167
66	5.076875	5.076875
67	3.674375	3.674375
68	3.2879167	3.2879167
69	3.4883333	3.4883333
70	3.7079167	3.7079167
71	6.1222917	6.1222917
72	6.5991667	6.5991667
73	6.636875	6.636875
74	7.236875	7.236875
75	7.101875	7.101875
76	9.061875	9.061875
77	9.1210417	9.1210417
78	7.9527083	7.9527083
79	7.99625	7.99625
80	8.4602083	8.4602083
81	7.4777083	7.4777083
82	6.8379167	6.8379167
83	7.72625	7.72625
84	7.294375	7.294375
85	8.314375	8.314375
86	8.4579167	8.4579167
87	8.1695833	8.1695833
88	5.90625	5.90625
89	5.1089583	5.1089583
90	4.84	4.84
91	5.92375	5.92375
92	5.8970833	5.8970833
93	6.499375	6.499375
94	5.9529167	5.9529167
95	7.8460417	7.8460417
96	7.7310417	7.7310417
97	8.0827083	8.0827083
98	8.8860417	8.8860417
99	9.705625	9.705625
100	10.227917	10.227917
101	10.730417	10.730417
102	11.443958	11.443958
103	12.421667	12.421667
104	11.6875	11.6875
105	11.075208	11.075208
106	11.231042	11.231042
107	11.0075	11.0075
108	10.845625	10.845625
109	10.606875	10.606875
110	9.6283333	9.6283333
111	9.648125	9.648125
112	10.674375	10.674375
113	10.520208	10.520208
114	10.613125	10.613125
115	11.801667	11.801667
116	13.191042	13.191042
117	12.159792	12.159792
118	11.353125	11.353125
119	11.406458	11.406458
120	11.417708	11.417708
121	11.191042	11.191042
122	11.084792	11.084792
123	10.897292	10.897292
124	10.684583	10.684583
125	11.859375	11.859375
126	11.942083	11.942083
127	11.255208	11.255208
128	12.180208	12.180208
129	11.374583	11.374583
130	10.76125	10.76125
131	10.231042	10.231042
132	11.544375	11.544375
133	11.580417	11.580417
134	11.607708	11.607708
135	11.659583	11.659583
136	12.094583	12.094583
137	12.850208	12.850208
138	12.465918	12.465918
139	13.211458	13.211458
140	15.473333	15.473333
141	15.823125	15.823125
142	18.463125	18.463125
143	18.51125	18.51125
144	17.374583	17.374583
145	15.298333	15.298333
146	14.689167	14.689167
147	13.07875	13.07875
148	13.317083	13.317083
149	13.24875	13.24875
150	14.14	14.14
151	14.367708	14.367708
152	15.6975	15.6975
153	17.6125	17.6125
154	17.154583	17.154583
155	17.06375	17.06375
156	16.663958	16.663958
157	16.464167	16.464167
158	15.078125	15.078125
159	14.850417	14.850417
160	14.184167	14.184167
161	16.308125	16.308125
162	15.363333	15.363333
163	15.110208	15.110208
164	15.085625	15.085625
165	15.197292	15.197292
166	17.125625	17.125625
167	16.246458	16.246458
168	16.894375	16.894375
169	16.017292	16.017292
170	16.466458	16.466458
171	17.950625	17.950625
172	18.131667	18.131667
173	16.39875	16.39875
174	16.3625	16.3625
175	17.36375	17.36375
176	17.436458	17.436458
177	18.416875	18.416875
178	17.137292	17.137292
179	16.388542	16.388542
180	17.548542	17.548542
181	16.637292	16.637292
182	15.03875	15.03875
183	15.4825	15.4825
184	14.530208	14.530208
185	13.884167	13.884167
186	14.914583	14.914583
187	14.334583	14.334583
188	13.83625	13.83625
189	14.589583	14.589583
190	15.136042	15.136042
191	14.355417	14.355417
192	13.931042	13.931042
193	15.068333	15.068333
194	14.97875	14.97875
195	15.05	15.05
196	14.514167	14.514167
197	14.05625	14.05625
198	14.0425	14.0425
199	15.392083	15.392083
200	15.333333	15.333333
201	15.614583	15.614583
202	14.046667	14.046667
203	14.309583	14.309583
204	14.666042	14.666042
205	16.40625	16.40625
206	15.800625	15.800625
207	15.438125	15.438125
208	15.199167	15.199167
209	14.419375	14.419375
210	14.784375	14.784375
211	15.112708	15.112708
212	14.379167	14.379167
213	14.670208	14.670208
214	14.526667	14.526667
215	14.24375	14.24375
216	14.327708	14.327708
217	14.631042	14.631042
218	14.429583	14.429583
219	14.675208	14.675208
220	13.93875	13.93875
221	14.471875	14.471875
222	14.019583	14.019583
223	14.4875	14.4875
224	14.565417	14.565417
225	15.00875	15.00875
226	15.010625	15.010625
227	17.426458	17.426458
228	15.498542	15.498542
229	14.403333	14.403333
230	14.353958	14.353958
231	14.507708	14.507708
232	14.900833	14.900833
233	15.24	15.24
234	15.336042	15.336042
235	14.11625	14.11625
236	12.993333	12.993333
237	13.379167	13.379167
238	14.136042	14.136042
239	13.535625	13.535625
240	14.26125	14.26125
241	14.804375	14.804375
242	14.133125	14.133125
243	14.567917	14.567917
244	15.624792	15.624792
245	16.197917	16.197917
246	16.621667	16.621667
247	16.924375	16.924375
248	14.94875	14.94875
249	14.784792	14.784792
250	13.338125	13.338125
251	13.694583	13.694583
252	14.538542	14.538542
253	14.891875	14.891875
254	14.199167	14.199167
255	13.679375	13.679375
256	14.448542	14.448542
257	13.765625	13.765625
258	13.254375	13.254375
259	13.559792	13.559792
260	12.963542	12.963542
261	12.811875	12.811875
262	13.816875	13.816875
263	13.924583	13.924583
264	13.999792	13.999792
265	14.036875	14.036875
266	13.226875	13.226875
267	12.36	12.36
268	12.267083	12.267083
269	11.961875	11.961875
270	12.414375	12.414375
271	12.539167	12.539167
272	11.82625	11.82625
273	12.047708	12.047708
274	12.021042	12.021042
275	11.5375	11.5375
276	11.900417	11.900417
277	11.394583	11.394583
278	10.902708	10.902708
279	10.957292	10.957292
280	12.078542	12.078542
281	13.612708	13.612708
282	14.351458	14.351458
283	12.646458	12.646458
284	12.0725	12.0725
285	10.32375	10.32375
286	10.651875	10.651875
287	11.308125	11.308125
288	11.903333	11.903333
289	11.211875	11.211875
290	10.775833	10.775833
291	10.88125	10.88125
292	9.904375	9.904375
293	8.2870833	8.2870833
294	8.770625	8.770625
295	9.7954167	9.7954167
296	9.6139583	9.6139583
297	7.8566667	7.8566667
298	7.2016667	7.2016667
299	11.200625	11.200625
300	10.155	10.155
301	10.134375	10.134375
302	10.06875	10.06875
303	9.0839583	9.0839583
304	8.8016667	8.8016667
305	9.248125	9.248125
306	9.8260417	9.8260417
307	9.74	9.74
308	11.269792	11.269792
309	10.233958	10.233958
310	8.5047917	8.5047917
311	7.9447917	7.9447917
312	8.3702083	8.3702083
313	8.4497917	8.4497917
314	7.5410417	7.5410417
315	8.2508333	8.2508333
316	7.9227083	7.9227083
317	7.0835417	7.0835417
318	6.5064583	6.5064583
319	6.705	6.705
320	7.46875	7.46875
321	7.779375	7.779375
322	8.3060417	8.3060417
323	7.5541667	7.5541667
324	7.6639583	7.6639583
325	6.2829167	6.2829167
326	5.2327083	5.2327083
327	4.4935417	4.4935417
328	5.2914583	5.2914583
329	5.0158333	5.0158333
330	5.06625	5.06625
331	4.0414583	4.0414583
332	3.2927083	3.2927083
333	2.2954167	2.2954167
334	1.554375	1.554375
335	0.85041667	0.85041667
336	0.293125	0.293125
337	1.780625	1.780625
338	3.2064583	3.2064583
339	2.80875	2.80875
340	2.3477083	2.3477083
341	2.4597917	2.4597917
342	2.13875	2.13875
343	3.068125	3.068125
344	4.9910417	4.9910417
345	5.1358333	5.1358333
346	4.281875	4.281875
347	3.0904167	3.0904167
348	2.3470833	2.3470833
349	4.181875	4.181875
350	5.136875	5.136875
351	1.82375	1.82375
352	1.0404167	1.0404167
353	1.0852083	1.0852083
354	0.13291667	0.13291667
355	0.26166667	0.26166667
356	0.11041667	0.11041667
357	0.11166667	0.11166667
358	0.053333333	0.053333333
359	0.10229167	0.10229167
360	0.44958333	0.44958333
361	3.859375	3.859375
362	5.5116667	5.5116667
363	6.6458333	6.6458333
364	6.013125	6.013125
365	5.4764583	5.4764583
366	5.3560417	5.3560417
